resNum,resName,Consensus,A,C,G,U,Gaps,Shannon
23S:1,G,G,0.101351351,0.033783784,0.52027027,0.027027027,0.317567568,0.771882849
23S:2,G,G,0.165540541,0.038851351,0.459459459,0.043918919,0.29222973,0.937886644
23S:3,U,C,0.047297297,0.084459459,0.065878378,0.5625,0.239864865,0.938602005
23S:4,U,C,0.099662162,0.228040541,0.033783784,0.413851351,0.224662162,1.170574411
23S:5,A,A,0.679054054,0.025337838,0.054054054,0.02027027,0.221283784,0.665871177
23S:6,A,A,0.633445946,0.013513514,0.116554054,0.018581081,0.217905405,0.758189092
23S:7,G,G,0.055743243,0.04222973,0.626689189,0.077702703,0.197635135,0.909786779
23S:8,C,C,0.043918919,0.222972973,0.050675676,0.505067568,0.177364865,1.148839306
23S:9,G,G,0.142314189,0.025760135,0.299408784,0.331503378,0.201013514,1.266598756
23S:10,A,A,0.516891892,0.094594595,0.052364865,0.113175676,0.222972973,1.082020545
23S:11,C,C,0.273648649,0.228040541,0.173986486,0.116554054,0.20777027,1.424688778
23S:12,U,C,0.199324324,0.128378378,0.047297297,0.525337838,0.099662162,1.386579014
23S:13,A,A,0.772381757,0.029138514,0.056165541,0.062922297,0.079391892,0.847726226
23S:14,A,A,0.87035473,0.013935811,0.024070946,0.015625,0.076013514,0.446689724
23S:15,G,G,0.039273649,0.132179054,0.704814189,0.047719595,0.076013514,1.048236089
23S:16,C,G,0.138935811,0.176097973,0.444679054,0.164273649,0.076013514,1.649144562
23S:17,G,G,0.008868243,0.135557432,0.698057432,0.081503378,0.076013514,1.023840803
23S:18,U,C,0.010135135,0.618243243,0.015202703,0.280405405,0.076013514,1.018459742
23S:19,A,G,0.324324324,0.106418919,0.351351351,0.141891892,0.076013514,1.663867777
23S:20,C,C,0.155405405,0.462837838,0.065878378,0.241554054,0.074324324,1.560138265
23S:21,A,A,0.589527027,0.092905405,0.135135135,0.108108108,0.074324324,1.39323472
23S:22,C,C,0.030405405,0.599662162,0.010135135,0.285472973,0.074324324,1.091450888
23S:23,G,G,0.086148649,0.006756757,0.826013514,0.008445946,0.072635135,0.592936784
23S:24,G,G,0.10472973,0.008445946,0.805743243,0.013513514,0.067567568,0.684481266
23S:25,U,C,0.013513514,0.086148649,0.040540541,0.79222973,0.067567568,0.785385596
23S:26,G,G,0.008445946,0.006756757,0.910472973,0.006756757,0.067567568,0.259957073
23S:27,G,G,0.089527027,0.006756757,0.829391892,0.006756757,0.067567568,0.590181028
23S:28,A,A,0.912162162,0.006756757,0.006756757,0.006756757,0.067567568,0.249075754
23S:29,U,N,0.006756757,0.006756757,0.006756757,0.912162162,0.067567568,0.249075754
23S:30,G,G,0.050675676,0.070945946,0.788851351,0.021959459,0.067567568,0.820303212
23S:31,C,C,0.045608108,0.704391892,0.081081081,0.101351351,0.067567568,1.107605095
23S:32,C,C,0.013513514,0.900337838,0.008445946,0.010135135,0.067567568,0.322239284
23S:33,C,C,0.006756757,0.097128378,0.006756757,0.821790541,0.067567568,0.61247514
23S:34,U,C,0.086993243,0.108108108,0.025337838,0.711993243,0.067567568,1.059913797
23S:35,G,G,0.008445946,0.006756757,0.907094595,0.006756757,0.070945946,0.263110267
23S:36,G,G,0.072635135,0.016891892,0.836148649,0.006756757,0.067567568,0.595659981
23S:37,C,C,0.02027027,0.795608108,0.064189189,0.052364865,0.067567568,0.795896707
23S:38,A,A,0.601351351,0.010135135,0.092905405,0.228040541,0.067567568,1.224451514
23S:39,G,C,0.076013514,0.581081081,0.160472973,0.114864865,0.067567568,1.417180801
23S:40,U,C,0.097972973,0.158783784,0.126689189,0.548986486,0.067567568,1.494201609
23S:41,C,C,0.415540541,0.278716216,0.163851351,0.074324324,0.067567568,1.628464872
23S:42,A,G,0.403716216,0.006756757,0.496621622,0.025337838,0.067567568,1.130895734
23S:43,G,G,0.092905405,0.225506757,0.483952703,0.059121622,0.138513514,1.336167729
23S:44,A,A,0.804054054,0.060810811,0.047297297,0.023648649,0.064189189,0.781019012
23S:45,G,G,0.055743243,0.011824324,0.743243243,0.038851351,0.150337838,0.686616519
23S:46,G,C,0.02027027,0.320945946,0.405405405,0.136824324,0.116554054,1.378997044
23S:47,C,C,0.011824324,0.881756757,0.006756757,0.035472973,0.064189189,0.426141819
23S:48,G,G,0.006756757,0.008445946,0.912162162,0.008445946,0.064189189,0.26768214
23S:49,A,A,0.910472973,0.006756757,0.006756757,0.011824324,0.064189189,0.277302608
23S:50,U,C,0.092483108,0.053631757,0.031672297,0.758023649,0.064189189,0.940241742
23S:51,G,G,0.007179054,0.005489865,0.915962838,0.005489865,0.065878378,0.233131291
23S:52,A,A,0.917652027,0.005489865,0.007179054,0.005489865,0.064189189,0.231470395
23S:53,A,A,0.91089527,0.013935811,0.005489865,0.005489865,0.064189189,0.272328081
23S:54,G,G,0.030827703,0.005489865,0.894003378,0.005489865,0.064189189,0.357202968
23S:55,G,G,0.122043919,0.005489865,0.802787162,0.005489865,0.064189189,0.66180944
23S:56,A,A,0.826435811,0.025760135,0.062922297,0.020692568,0.064189189,0.683252985
23S:57,C,C,0.005489865,0.905827703,0.005489865,0.019003378,0.064189189,0.299791218
23S:58,G,G,0.006756757,0.005067568,0.91722973,0.005067568,0.065878378,0.224484229
23S:59,U,C,0.005067568,0.212837838,0.148648649,0.569256757,0.064189189,1.296318036
23S:60,G,G,0.212837838,0.006756757,0.680743243,0.033783784,0.065878378,0.996344156
23S:61,C,G,0.314189189,0.226351351,0.35472973,0.040540541,0.064189189,1.616908802
23S:62,U,C,0.05152027,0.46875,0.065033784,0.352195946,0.0625,1.424522545
23S:63,A,A,0.539695946,0.009290541,0.147804054,0.23902027,0.064189189,1.351432426
23S:64,A,A,0.686655405,0.07347973,0.166385135,0.01097973,0.0625,1.079190411
23S:65,U,A,0.375844595,0.154560811,0.237331081,0.163006757,0.069256757,1.736785094
23S:66,C,C,0.083614865,0.78125,0.024493243,0.043074324,0.067567568,0.843003759
23S:67,U,G,0.100929054,0.038429054,0.158361486,0.638091216,0.064189189,1.262631691
23S:68,G,G,0.103462838,0.147381757,0.68285473,0.003800676,0.0625,1.080095689
23S:69,C,C,0.003800676,0.921030405,0.003800676,0.008868243,0.0625,0.216444894
23S:70,G,G,0.015625,0.003800676,0.912584459,0.003800676,0.064189189,0.257624092
23S:71,A,A,0.890625,0.017314189,0.013935811,0.015625,0.0625,0.40295471
23S:72,U,A,0.221706081,0.013935811,0.039273649,0.662584459,0.0625,1.073083423
23S:73,A,A,0.917652027,0.003800676,0.003800676,0.012246622,0.0625,0.236875021
23S:74,A,A,0.549408784,0.103462838,0.029138514,0.253800676,0.064189189,1.370064973
23S:75,G,G,0.019003378,0.012246622,0.836570946,0.064611486,0.067567568,0.612751349
23S:76,C,C,0.005489865,0.802787162,0.017314189,0.106841216,0.067567568,0.69156183
23S:77,G,C,0.127111486,0.220016892,0.189611486,0.395692568,0.067567568,1.718437505
23S:78,U,C,0.206503378,0.165962838,0.086570946,0.471706081,0.069256757,1.598007035
23S:79,C,C,0.027449324,0.532516892,0.093327703,0.279138514,0.067567568,1.361069932
23S:80,G,G,0.020692568,0.005489865,0.897381757,0.008868243,0.067567568,0.333461828
23S:81,G,G,0.037584459,0.037584459,0.738597973,0.116976351,0.069256757,0.968739381
23S:82,U,G,0.003800676,0.051097973,0.603462838,0.137246622,0.204391892,0.861445014
23S:83,A,G,0.108952703,0.007601351,0.581925676,0.095439189,0.206081081,0.936802962
23S:84,A,A,0.779560811,0.004222973,0.004222973,0.004222973,0.20777027,0.301044543
23S:85,G,G,0.010557432,0.007179054,0.769003378,0.007179054,0.206081081,0.367567694
23S:86,G,C,0.027449324,0.497043919,0.177787162,0.091638514,0.206081081,1.11358607
23S:87,U,C,0.025760135,0.159206081,0.022381757,0.586570946,0.206081081,0.898847595
23S:88,G,G,0.020692568,0.003800676,0.765625,0.003800676,0.206081081,0.374625459
23S:89,A,C,0.16089527,0.169341216,0.154138514,0.309543919,0.206081081,1.4270225
23S:90,U,A,0.363597973,0.142314189,0.076435811,0.211570946,0.206081081,1.340645003
23S:91,A,A,0.674408784,0.056165541,0.039273649,0.024070946,0.206081081,0.737891629
23S:92,U,G,0.252111486,0.059543919,0.346706081,0.133868243,0.20777027,1.316456323
23S:93,G,C,0.040962838,0.248733108,0.226773649,0.277449324,0.206081081,1.339148253
23S:94,A,A,0.697212838,0.00464527,0.087415541,0.006334459,0.204391892,0.598606684
23S:95,A,A,0.52660473,0.045185811,0.202280405,0.021537162,0.204391892,1.014187199
23S:96,C,G,0.070523649,0.176942568,0.521537162,0.02660473,0.204391892,1.066854117
23S:97,C,C,0.006334459,0.766469595,0.006334459,0.016469595,0.204391892,0.385214607
23S:98,G,G,0.095861486,0.016469595,0.224239865,0.457347973,0.206081081,1.128711348
23S:99,U,A,0.118243243,0.028716216,0.037162162,0.611486486,0.204391892,0.892457468
23S:100,U,C,0.057010135,0.032516892,0.021537162,0.68285473,0.206081081,0.707685798
23S:101,A,G,0.15160473,0.00464527,0.536739865,0.023226351,0.283783784,0.756696253
23S:102,U,G,0.001689189,0.005067568,0.094594595,0.092905405,0.805743243,0.134911839
23S:103,A,A,0.778293919,0.00464527,0.006334459,0.006334459,0.204391892,0.326165692
23S:104,A,A,0.143158784,0.063766892,0.031672297,0.557010135,0.204391892,1.02050509
23S:105,C,C,0.013091216,0.739442568,0.016469595,0.028293919,0.202702703,0.515852479
23S:106,C,C,0.008023649,0.90160473,0.006334459,0.019847973,0.064189189,0.32667446
23S:107,G,G,0.252956081,0.08910473,0.570523649,0.024915541,0.0625,1.319147913
23S:108,G,G,0.185388514,0.041807432,0.457347973,0.256334459,0.059121622,1.563576188
23S:109,C,C,0.399915541,0.261402027,0.210726351,0.070523649,0.057432432,1.67586714
23S:110,G,G,0.038429054,0.016469595,0.87964527,0.009712838,0.055743243,0.477723914
23S:111,A,A,0.793496622,0.031672297,0.111064189,0.009712838,0.054054054,0.794228475
23S:112,U,A,0.052787162,0.007179054,0.005489865,0.878800676,0.055743243,0.453399414
23S:113,U,C,0.078547297,0.205236486,0.164695946,0.497466216,0.054054054,1.595673567
23S:114,U,C,0.017314189,0.064611486,0.022381757,0.841638514,0.054054054,0.65146789
23S:115,C,C,0.002111486,0.812922297,0.002111486,0.128800676,0.054054054,0.62553314
23S:116,C,C,0.002111486,0.811233108,0.002111486,0.130489865,0.054054054,0.629762825
23S:117,G,G,0.002111486,0.002111486,0.93285473,0.008868243,0.054054054,0.181177429
23S:118,A,A,0.937922297,0.003800676,0.002111486,0.002111486,0.054054054,0.146439453
23S:119,A,A,0.939611486,0.002111486,0.002111486,0.002111486,0.054054054,0.133127396
23S:120,U,C,0.005489865,0.128800676,0.002111486,0.80785473,0.055743243,0.651073861
23S:121,G,G,0.028293919,0.002111486,0.903293919,0.003800676,0.0625,0.30692824
23S:122,G,G,0.064611486,0.125422297,0.730152027,0.013935811,0.065878378,0.979158716
23S:123,G,G,0.012246622,0.002111486,0.779138514,0.003800676,0.202702703,0.325004751
23S:124,G,G,0.128800676,0.049408784,0.728462838,0.029138514,0.064189189,1.007699191
23S:125,A,A,0.59839527,0.135557432,0.16089527,0.040962838,0.064189189,1.354148831
23S:126,A,A,0.743665541,0.032516892,0.003800676,0.157516892,0.0625,0.870966858
23S:127,A,A,0.726773649,0.013935811,0.030827703,0.130489865,0.097972973,0.864736554
23S:128,C,C,0.003800676,0.775760135,0.002111486,0.015625,0.202702703,0.340642087
23S:129,C,C,0.008445946,0.733108108,0.131756757,0.064189189,0.0625,0.961952793
23S:130,C,C,0.005067568,0.846283784,0.001689189,0.081081081,0.065878378,0.515490852
23S:131,A,A,0.612753378,0.013091216,0.269847973,0.006334459,0.097972973,0.966147706
23S:132,G,C,0.126266892,0.393158784,0.364442568,0.018158784,0.097972973,1.391111974
23S:133,U,C,0.041807432,0.524915541,0.024915541,0.320523649,0.087837838,1.220865269
23S:134,G,C,0.32347973,0.228885135,0.181587838,0.169763514,0.096283784,1.712427766
23S:135,U,C,0.087415541,0.230996622,0.175253378,0.398226351,0.108108108,1.574181486
23S:136,G,G,0.264358108,0.142736486,0.264358108,0.108952703,0.219594595,1.376773664
23S:137,U,C,0.165540541,0.191722973,0.120777027,0.233108108,0.288851351,1.240567432
23S:138,U,A,0.338260135,0.076435811,0.147381757,0.312922297,0.125,1.526118792
23S:139,U,A,0.426097973,0.079814189,0.088260135,0.329814189,0.076013514,1.526799734
23S:140,C,C,0.265202703,0.157094595,0.081081081,0.430743243,0.065878378,1.629651157
23S:141,G,G,0.266891892,0.079391892,0.349662162,0.163851351,0.140202703,1.510172057
23S:142,A,G,0.129222973,0.10472973,0.307432432,0.159628378,0.298986486,1.169369016
23S:143,C,C,0.081081081,0.260135135,0.192567568,0.239864865,0.226351351,1.354607505
23S:144,A,A,0.39527027,0.157094595,0.233108108,0.101351351,0.113175676,1.572564368
23S:145,C,C,0.153716216,0.185810811,0.217905405,0.342905405,0.099662162,1.688085168
23S:146,A,G,0.304054054,0.011824324,0.567567568,0.030405405,0.086148649,1.110286053
23S:147,C,G,0.022804054,0.163006757,0.407094595,0.324324324,0.08277027,1.472759463
23S:148,U,C,0.003800676,0.253800676,0.020692568,0.625422297,0.096283784,0.96866969
23S:149,A,A,0.851351351,0.003378378,0.059121622,0.018581081,0.067567568,0.534716173
23S:150,U,C,0.030405405,0.339527027,0.001689189,0.570945946,0.057432432,1.092960733
23S:151,C,C,0.035472973,0.530405405,0.143581081,0.22972973,0.060810811,1.451639549
23S:152,A,C,0.162162162,0.423986486,0.158783784,0.192567568,0.0625,1.715295564
23S:153,U,C,0.238175676,0.234797297,0.081081081,0.356418919,0.089527027,1.646319207
23S:154,U,C,0.128378378,0.146959459,0.055743243,0.564189189,0.10472973,1.329309197
23S:155,A,A,0.4375,0.074324324,0.195945946,0.153716216,0.138513514,1.444325418
23S:156,A,A,0.310810811,0.153716216,0.133445946,0.251689189,0.150337838,1.55315307
23S:157,C,C,0.084459459,0.486486486,0.152027027,0.121621622,0.155405405,1.342640177
23S:158,U,C,0.006756757,0.032094595,0.015202703,0.782094595,0.163851351,0.482530378
23S:159,G,G,0.006756757,0.047297297,0.75,0.02027027,0.175675676,0.562360612
23S:160,A,A,0.744932432,0.015202703,0.023648649,0.013513514,0.202702703,0.494278167
23S:161,A,A,0.6875,0.037162162,0.060810811,0.08277027,0.131756757,0.947554423
23S:162,U,C,0.048141892,0.061655405,0.016047297,0.776182432,0.097972973,0.755821094
23S:163,C,A,0.482263514,0.151182432,0.021114865,0.215371622,0.130067568,1.317119077
23S:164,C,C,0.111486486,0.623310811,0.02027027,0.128378378,0.116554054,1.123876121
23S:165,A,A,0.689189189,0.04222973,0.047297297,0.0625,0.158783784,0.858987079
23S:166,U,C,0.003378378,0.052364865,0.011824324,0.760135135,0.172297297,0.518990627
23S:167,A,A,0.682432432,0.119932432,0.047297297,0.001689189,0.148648649,0.823177768
23S:168,G,G,0.179054054,0.010135135,0.663851351,0.001689189,0.14527027,0.785843938
23S:169,G,G,0.094594595,0.146959459,0.555743243,0.079391892,0.123310811,1.305871729
23S:170,U,G,0.195945946,0.113175676,0.248310811,0.320945946,0.121621622,1.617785396
23S:171,U,C,0.119932432,0.217905405,0.10472973,0.451013514,0.106418919,1.523547417
23S:172,A,A,0.560810811,0.045608108,0.170608108,0.148648649,0.074324324,1.402548834
23S:173,A,G,0.358108108,0.047297297,0.271959459,0.263513514,0.059121622,1.652799227
23S:174,U,G,0.119932432,0.128378378,0.481418919,0.243243243,0.027027027,1.703653062
23S:175,G,G,0.211148649,0.146959459,0.548986486,0.065878378,0.027027027,1.570166629
23S:176,A,G,0.570945946,0,0.386824324,0.016891892,0.025337838,1.06350195
23S:177,G,A,0.528716216,0.048986486,0.336148649,0.040540541,0.045608108,1.350910132
23S:178,G,G,0.016891892,0,0.95777027,0.005067568,0.02027027,0.193701159
23S:179,C,C,0.175675676,0.402027027,0.391891892,0.006756757,0.023648649,1.511035814
23S:180,G,G,0.432432432,0.086148649,0.385135135,0.074324324,0.021959459,1.600658987
23S:181,A,A,0.471283784,0.074324324,0.238175676,0.190878378,0.025337838,1.695208811
23S:182,A,A,0.978040541,0,0.001689189,0,0.02027027,0.045936481
23S:183,C,C,0.001689189,0.967905405,0.003378378,0.006756757,0.02027027,0.134766989
23S:184,C,C,0,0.724662162,0.234797297,0.02027027,0.02027027,0.92246333
23S:185,G,C,0.048986486,0.633445946,0.14527027,0.152027027,0.02027027,1.418532655
23S:186,G,G,0.231418919,0.045608108,0.662162162,0.040540541,0.02027027,1.247277428
23S:187,G,G,0,0.236486486,0.72972973,0.013513514,0.02027027,0.88915757
23S:188,G,G,0.103040541,0.106418919,0.435810811,0.334459459,0.02027027,1.697365367
23S:189,G,G,0.008445946,0.006756757,0.959459459,0.003378378,0.021959459,0.187690431
23S:190,A,A,0.971283784,0,0.008445946,0,0.02027027,0.096993041
23S:191,A,A,0.942567568,0,0.037162162,0,0.02027027,0.251743812
23S:192,C,C,0.015202703,0.680743243,0.141891892,0.141891892,0.02027027,1.243240586
23S:193,U,G,0.003378378,0.003378378,0.028716216,0.944256757,0.02027027,0.275000013
23S:194,G,G,0.003378378,0,0.797297297,0.179054054,0.02027027,0.717777579
23S:195,A,A,0.981418919,0,0,0,0.018581081,0.026062783
23S:196,A,A,0.978040541,0,0.003378378,0,0.018581081,0.05796753
23S:197,A,A,0.755067568,0.028716216,0.197635135,0,0.018581081,0.898406625
23S:198,C,C,0,0.954391892,0,0.027027027,0.018581081,0.20126037
23S:199,A,A,0.978040541,0.003378378,0,0,0.018581081,0.05796753
23S:200,U,A,0,0,0,0.981418919,0.018581081,0.026062783
23S:201,C,C,0.180743243,0.797297297,0,0.003378378,0.018581081,0.720726068
23S:202,U,C,0,0.003378378,0,0.97972973,0.016891892,0.055722612
23S:203,A,C,0.484797297,0.290540541,0.013513514,0.192567568,0.018581081,1.536943668
23S:204,A,A,0.97972973,0,0,0.003378378,0.016891892,0.055722612
23S:205,G,G,0.091216216,0.035472973,0.810810811,0.045608108,0.016891892,0.918690978
23S:206,U,A,0,0,0,0.983108108,0.016891892,0.023754697
23S:207,A,A,0.956081081,0.016891892,0,0.006756757,0.02027027,0.2058543
23S:208,C,C,0.234797297,0.533783784,0.201013514,0.010135135,0.02027027,1.476152061
23S:209,C,C,0.011824324,0.728040541,0.241554054,0.001689189,0.016891892,0.904182601
23S:210,C,C,0.040540541,0.64527027,0.045608108,0.251689189,0.016891892,1.27745412
23S:211,C,G,0.148648649,0.141891892,0.638513514,0.054054054,0.016891892,1.424825185
23S:212,G,G,0.015202703,0.214527027,0.733108108,0.02027027,0.016891892,0.993531701
23S:213,A,A,0.976351351,0.001689189,0.011824324,0.001689189,0.008445946,0.139337793
23S:214,G,G,0.010135135,0,0.984797297,0,0.005067568,0.088454869
23S:215,G,G,0.001689189,0.001689189,0.981418919,0.001689189,0.013513514,0.072236217
23S:216,A,A,0.991554054,0,0,0.001689189,0.006756757,0.027502738
23S:217,A,A,0.896959459,0.001689189,0.092905405,0.003378378,0.005067568,0.499952897
23S:218,A,A,0.637668919,0.019425676,0.331925676,0.005912162,0.005067568,1.090699606
23S:219,A,A,0.927364865,0,0.065878378,0.001689189,0.005067568,0.373055498
23S:220,G,G,0.005067568,0.001689189,0.978040541,0.010135135,0.005067568,0.151890986
23S:221,A,A,0.990709459,0.001689189,0.000844595,0.001689189,0.005067568,0.052807857
23S:222,A,A,0.930743243,0.064189189,0,0,0.005067568,0.348883811
23S:223,A,A,0.990287162,0.000422297,0.000422297,0.000422297,0.008445946,0.02790784
23S:224,U,G,0.165540541,0.173986486,0.290540541,0.364864865,0.005067568,1.90758744
23S:225,C,C,0.116976351,0.711570946,0.000422297,0.165962838,0.005067568,1.140395987
23S:226,A,A,0.877111486,0.000422297,0.084881757,0.032516892,0.005067568,0.630208686
23S:227,A,A,0.986486486,0.006756757,0,0.001689189,0.005067568,0.083208771
23S:228,C,C,0.402449324,0.493665541,0.019003378,0.079814189,0.005067568,1.423712143
23S:229,C,C,0.246621622,0.390202703,0.011824324,0.256756757,0.094594595,1.455167144
23S:230,G,G,0.165540541,0,0.711148649,0.118243243,0.005067568,1.137676468
23S:231,A,C,0.366554054,0.290540541,0.172297297,0.165540541,0.005067568,1.905774466
23S:232,G,G,0,0.001689189,0.984797297,0.006756757,0.006756757,0.085453012
23S:233,A,A,0.991554054,0,0.001689189,0,0.006756757,0.027502738
23S:234,U,C,0.002533784,0.067567568,0,0.921452703,0.008445946,0.38994966
23S:235,U,G,0.010557432,0.024070946,0.034206081,0.926097973,0.005067568,0.465511475
23S:236,C,C,0.005067568,0.773648649,0.065878378,0.150337838,0.005067568,0.989532316
23S:237,C,C,0,0.964527027,0,0.030405405,0.005067568,0.202455779
23S:238,C,C,0,0.721283784,0.255067568,0.016891892,0.006756757,0.935821012
23S:239,C,C,0.038851351,0.228040541,0.052364865,0.675675676,0.005067568,1.266914423
23S:240,C,G,0.108108108,0.199324324,0.356418919,0.326013514,0.010135135,1.8494616
23S:241,A,A,0.917652027,0.000422297,0.002111486,0.071368243,0.008445946,0.405627086
23S:242,G,G,0.001689189,0.001689189,0.989864865,0.001689189,0.005067568,0.060906866
23S:243,U,A,0,0,0,0.994932432,0.005067568,0.007255444
23S:244,A,A,0.990287162,0.000422297,0.000422297,0.002111486,0.006756757,0.041892739
23S:245,G,G,0.167652027,0.002111486,0.823057432,0.002111486,0.005067568,0.697154971
23S:246,C,C,0.011824324,0.673986486,0.038851351,0.27027027,0.005067568,1.145698978
23S:247,G,G,0.003378378,0.006756757,0.974662162,0.008445946,0.006756757,0.169553108
23S:248,G,G,0.027027027,0,0.966216216,0,0.006756757,0.187427977
23S:249,C,C,0,0.972972973,0,0.021959459,0.005067568,0.158627044
23S:250,G,G,0.001689189,0,0.991554054,0,0.006756757,0.027502738
23S:251,A,A,0.994932432,0,0,0,0.005067568,0.007255444
23S:252,G,G,0.027027027,0.038851351,0.913851351,0.013513514,0.006756757,0.52198185
23S:253,C,C,0,0.863175676,0.003378378,0.128378378,0.005067568,0.588164436
23S:254,G,G,0.003800676,0.000422297,0.990287162,0.000422297,0.005067568,0.05369399
23S:255,A,A,0.994932432,0,0,0,0.005067568,0.007255444
23S:256,A,A,0.984797297,0.008445946,0,0.001689189,0.005067568,0.095009549
23S:257,C,C,0.497043919,0.387246622,0.093327703,0.015625,0.006756757,1.43462706
23S:258,G,C,0.10472973,0.386824324,0.445945946,0.052364865,0.010135135,1.596995972
23S:259,G,G,0.016891892,0.231418919,0.719594595,0.02027027,0.011824324,1.031366121
23S:260,G,G,0.004222973,0.002533784,0.985641892,0.000844595,0.006756757,0.083779268
23S:261,G,G,0.149070946,0.067989865,0.763935811,0.007179054,0.011824324,1.008867878
23S:262,A,A,0.924408784,0.022381757,0.024070946,0.024070946,0.005067568,0.483884958
23S:263,G,A,0.528716216,0.08277027,0.22972973,0.153716216,0.005067568,1.677884797
23S:264,C,C,0.117820946,0.301097973,0.408361486,0.167652027,0.005067568,1.835164109
23S:265,A,A,0.986486486,0,0.005067568,0.001689189,0.006756757,0.073060673
23S:266,G,G,0.015202703,0,0.97972973,0,0.005067568,0.120150587
23S:267,C,C,0.010135135,0.714527027,0.25,0.02027027,0.005067568,1.02244475
23S:268,C,C,0.005067568,0.841216216,0.069256757,0.079391892,0.005067568,0.801335513
23S:269,C,C,0.001689189,0.856418919,0.008445946,0.128378378,0.005067568,0.642158364
23S:270,A,A,0.817567568,0.001689189,0.02027027,0.032094595,0.128378378,0.458805657
23S:271,G,C,0.055743243,0.452702703,0.182432432,0.126689189,0.182432432,1.287819821
23S:272,A,A,0.329391892,0.150337838,0.123310811,0.204391892,0.192567568,1.436615123
23S:273,G,C,0.061655405,0.27027027,0.294763514,0.22972973,0.143581081,1.511528463
23S:274,C,C,0.163006757,0.293918919,0.075168919,0.326013514,0.141891892,1.504796485
23S:275,C,C,0.170608108,0.471283784,0.108108108,0.118243243,0.131756757,1.439494518
23S:276,U,A,0.307432432,0.094594595,0.0625,0.435810811,0.099662162,1.455994927
23S:277,G,G,0.288851351,0.064189189,0.209459459,0.211148649,0.226351351,1.329071188
23S:278,A,A,0.219594595,0.0625,0.099662162,0.118243243,0.5,0.713019303
23S:279,A,A,0.398648649,0.055743243,0.185810811,0.111486486,0.248310811,1.176493131
23S:280,U,C,0.135135135,0.271959459,0.226351351,0.146959459,0.219594595,1.39911866
23S:281,C,A,0.425675676,0.202702703,0.131756757,0.091216216,0.148648649,1.440161169
23S:282,A,A,0.527027027,0.143581081,0.097972973,0.084459459,0.146959459,1.295374512
23S:283,G,G,0.29222973,0.111486486,0.239864865,0.234797297,0.121621622,1.630635502
23S:284,U,C,0.20777027,0.256756757,0.209459459,0.29222973,0.033783784,1.899271032
23S:285,G,G,0.204391892,0.239864865,0.366554054,0.16722973,0.021959459,1.882172991
23S:286,U,A,0.363175676,0.08277027,0.177364865,0.273648649,0.103040541,1.598748438
23S:287,G,G,0.361486486,0.116554054,0.317567568,0.16722973,0.037162162,1.780367322
23S:288,U,C,0.224662162,0.209459459,0.268581081,0.260135135,0.037162162,1.897834691
23S:289,G,G,0.256756757,0.118243243,0.366554054,0.190878378,0.067567568,1.729326084
23S:290,U,A,0.326013514,0.148648649,0.1875,0.304054054,0.033783784,1.846451293
23S:291,G,G,0.177364865,0.131756757,0.462837838,0.202702703,0.025337838,1.76313385
23S:292,U,G,0.277027027,0.099662162,0.29222973,0.310810811,0.02027027,1.848979045
23S:293,U,G,0.070945946,0.055743243,0.106418919,0.743243243,0.023648649,1.137572685
23S:294,A,A,0.795608108,0.008445946,0.123310811,0.025337838,0.047297297,0.788197009
23S:295,G,G,0.054054054,0.133445946,0.733108108,0.054054054,0.025337838,1.141511611
23S:296,U,C,0.234797297,0.304054054,0.094594595,0.33277027,0.033783784,1.800205865
23S:297,G,C,0.248310811,0.288851351,0.163851351,0.165540541,0.133445946,1.62363518
23S:298,G,G,0.04222973,0.096283784,0.783783784,0.064189189,0.013513514,1.0335199
23S:299,A,A,0.978040541,0,0.013513514,0,0.008445946,0.114268587
23S:300,A,A,0.962837838,0.003378378,0.010135135,0.013513514,0.010135135,0.229045993
23S:301,G,G,0.027027027,0.231418919,0.521959459,0.211148649,0.008445946,1.579307131
23S:302,C,C,0.125,0.243243243,0.341216216,0.268581081,0.021959459,1.867855282
23S:303,G,G,0.329391892,0.162162162,0.349662162,0.141891892,0.016891892,1.851314765
23S:304,U,C,0.057432432,0.400337838,0.175675676,0.358108108,0.008445946,1.722118975
23S:305,C,C,0.074324324,0.655405405,0.027027027,0.234797297,0.008445946,1.298793681
23S:306,U,C,0.018581081,0.0625,0.033783784,0.875,0.010135135,0.683526595
23S:307,G,G,0.003378378,0.028716216,0.883445946,0.069256757,0.015202703,0.59042241
23S:308,G,G,0.016891892,0,0.959459459,0.013513514,0.010135135,0.238209688
23S:309,A,A,0.797297297,0.001689189,0.185810811,0.005067568,0.010135135,0.758162409
23S:310,A,A,0.944256757,0.001689189,0.008445946,0.040540541,0.005067568,0.337624088
23S:311,A,A,0.760135135,0.054054054,0.111486486,0.069256757,0.005067568,1.14211664
23S:312,G,G,0.119932432,0.025337838,0.831081081,0.016891892,0.006756757,0.817054571
23S:313,G,G,0.086148649,0.180743243,0.587837838,0.141891892,0.003378378,1.595685198
23S:314,C,C,0.103040541,0.33277027,0.195945946,0.364864865,0.003378378,1.851286621
23S:315,G,C,0.105152027,0.341638514,0.24535473,0.130489865,0.177364865,1.441065273
23S:316,C,C,0.224662162,0.488175676,0.221283784,0.0625,0.003378378,1.714699641
23S:317,G,G,0.258445946,0.052364865,0.672297297,0.013513514,0.003378378,1.1923104
23S:318,C,C,0.011824324,0.689189189,0.035472973,0.260135135,0.003378378,1.118257723
23S:319,G,C,0.006756757,0.804054054,0.160472973,0.025337838,0.003378378,0.856731953
23S:320,A,A,0.738175676,0.006756757,0.226351351,0.027027027,0.001689189,0.996270495
23S:321,U,C,0.157094595,0.113175676,0.135135135,0.592905405,0.001689189,1.60984885
23S:322,A,A,0.952702703,0.001689189,0.04222973,0.001689189,0.001689189,0.290022059
23S:323,C,G,0.016891892,0.152027027,0.826013514,0.001689189,0.003378378,0.753386512
23S:324,A,A,0.83277027,0.047297297,0.050675676,0.065878378,0.003378378,0.901555926
23S:325,G,G,0.165540541,0.069256757,0.760135135,0.003378378,0.001689189,1.023073314
23S:326,G,G,0.043918919,0.013513514,0.939189189,0.001689189,0.001689189,0.381861086
23S:327,G,G,0.005067568,0,0.989864865,0.001689189,0.003378378,0.068509456
23S:328,U,C,0.001689189,0.001689189,0,0.994932432,0.001689189,0.038340543
23S:329,G,G,0.251689189,0,0.731418919,0.015202703,0.001689189,0.921229838
23S:330,A,A,0.935810811,0.02027027,0.001689189,0.040540541,0.001689189,0.405926547
23S:331,C,C,0.111486486,0.319256757,0.172297297,0.391891892,0.005067568,1.836146504
23S:332,A,A,0.991554054,0.001689189,0.001689189,0.001689189,0.003378378,0.058604191
23S:333,G,G,0.234797297,0.037162162,0.711148649,0.015202703,0.001689189,1.107038216
23S:334,C,C,0.006756757,0.652027027,0.050675676,0.288851351,0.001689189,1.184548095
23S:335,C,C,0,0.989864865,0,0.005067568,0.005067568,0.052915663
23S:336,C,C,0.001689189,0.940878378,0.013513514,0.04222973,0.001689189,0.374360425
23S:337,C,C,0.011824324,0.72972973,0.069256757,0.180743243,0.008445946,1.110791177
23S:338,G,G,0.005067568,0.006756757,0.97972973,0.006756757,0.001689189,0.164729343
23S:339,U,C,0,0.003378378,0,0.994932432,0.001689189,0.034967871
23S:340,A,A,0.864864865,0.070945946,0.032094595,0.028716216,0.003378378,0.755719763
23S:341,C,G,0.073057432,0.194679054,0.449746622,0.257179054,0.025337838,1.71317521
23S:342,A,G,0.316300676,0.078125,0.247043919,0.269003378,0.089527027,1.657524779
23S:343,C,C,0.040540541,0.665540541,0.086148649,0.194256757,0.013513514,1.324205137
23S:344,A,G,0.196368243,0.034206081,0.696368243,0.052787162,0.02027027,1.190650071
23S:345,A,A,0.714527027,0.069256757,0.069256757,0.113175676,0.033783784,1.194045308
23S:346,A,A,0.778716216,0.113175676,0.037162162,0.032094595,0.038851351,0.934713319
23S:347,A,A,0.761824324,0.106418919,0.077702703,0.043918919,0.010135135,1.115965857
23S:348,A,C,0.280827703,0.241976351,0.209881757,0.255489865,0.011824324,1.962107588
23S:349,U,C,0.152871622,0.193412162,0.242398649,0.399493243,0.011824324,1.874652711
23S:350,G,G,0.243665541,0.152449324,0.277449324,0.317989865,0.008445946,1.932398847
23S:351,C,C,0.184543919,0.377111486,0.221706081,0.145692568,0.070945946,1.73472287
23S:352,A,G,0.317989865,0.177787162,0.274070946,0.225084459,0.005067568,1.954725115
23S:353,C,C,0.184543919,0.244510135,0.176097973,0.374577703,0.02027027,1.879745627
23S:354,A,A,0.204814189,0.12035473,0.157516892,0.481841216,0.035472973,1.701173877
23S:355,U,C,0.162584459,0.289273649,0.226773649,0.304476351,0.016891892,1.918586897
23S:356,G,G,0.219172297,0.100084459,0.345861486,0.30785473,0.027027027,1.814916091
23S:357,C,C,0.135135135,0.250844595,0.172297297,0.227195946,0.214527027,1.42448722
23S:358,U,C,0.201013514,0.182432432,0.1875,0.228040541,0.201013514,1.479893043
23S:359,G,C,0.059121622,0.310810811,0.251689189,0.168918919,0.209459459,1.343547874
23S:360,U,G,0.069256757,0.054054054,0.109797297,0.158783784,0.608108108,0.496053241
23S:361,G,G,0.024070946,0.079814189,0.206503378,0.089949324,0.599662162,0.481615102
23S:362,A,G,0.248733108,0.084881757,0.250422297,0.073057432,0.342905405,1.036465904
23S:363,G,G,0.289273649,0.089949324,0.377111486,0.069679054,0.173986486,1.345214156
23S:364,C,C,0.157516892,0.302787162,0.203125,0.155827703,0.180743243,1.496718248
23S:365,U,A,0.243665541,0.054476351,0.110219595,0.365287162,0.226351351,1.242828294
23S:366,C,G,0.056165541,0.226773649,0.434543919,0.046030405,0.236486486,1.103819366
23S:367,G,G,0.054054054,0.077702703,0.184121622,0.045608108,0.638513514,0.421708863
23S:368,A,A,0.172297297,0.02027027,0.047297297,0.114864865,0.64527027,0.396569179
23S:369,U,C,0.055743243,0.065878378,0.045608108,0.168918919,0.663851351,0.378915584
23S:370,G,G,0.099662162,0,0.900337838,0,0,0.467923757
23S:371,A,A,0.998310811,0.001689189,0,0,0,0.017991435
23S:372,G,G,0.003378378,0,0.996621622,0,0,0.032600367
23S:373,U,A,0,0,0,1,0,0
23S:374,A,A,0.834459459,0.162162162,0,0.003378378,0,0.671193547
23S:375,G,G,0.049408784,0.321368243,0.623733108,0.005489865,0,1.206679349
23S:376,G,G,0.052364865,0.184121622,0.734797297,0.027027027,0.001689189,1.137864578
23S:377,G,G,0.185810811,0.016891892,0.763513514,0.030405405,0.003378378,0.997680692
23S:378,C,C,0.001689189,0.760135135,0.033783784,0.204391892,0,0.949617978
23S:379,G,G,0.017314189,0.062922297,0.701435811,0.218327703,0,1.190589128
23S:380,G,G,0.086148649,0.050675676,0.851351351,0.011824324,0,0.796107122
23S:381,G,G,0.219594595,0.103040541,0.552364865,0.125,0,1.666106483
23S:382,A,A,0.58277027,0.021959459,0.150337838,0.209459459,0.035472973,1.406589001
23S:383,C,C,0.006756757,0.722972973,0,0.045608108,0.224662162,0.457618618
23S:384,A,A,0.668918919,0.055743243,0,0.015202703,0.260135135,0.526805057
23S:385,C,C,0,0.744932432,0.001689189,0.028716216,0.224662162,0.371465746
23S:386,G,G,0,0.011824324,0.773648649,0.214527027,0,0.838558476
23S:387,U,G,0.140202703,0.018581081,0.261824324,0.579391892,0,1.466633233
23S:388,G,G,0.060810811,0,0.915540541,0.023648649,0,0.489951593
23S:389,G,G,0.555743243,0.006756757,0.351351351,0.086148649,0,1.354614421
23S:390,U,A,0.844594595,0.010135135,0.001689189,0.136824324,0.006756757,0.676527521
23S:391,A,A,0.841216216,0.011824324,0.048986486,0.091216216,0.006756757,0.808320073
23S:392,U,C,0,0.116554054,0.018581081,0.827702703,0.037162162,0.6682841
23S:393,C,C,0.005067568,0.55152027,0.222972973,0.220439189,0,1.475773827
23S:394,C,C,0.010135135,0.798986486,0.050675676,0.140202703,0,0.941245342
23S:395,U,C,0.224662162,0.3125,0.070945946,0.391891892,0,1.808799554
23S:396,G,G,0.005489865,0.024070946,0.956503378,0.013935811,0,0.317924908
23S:397,U,C,0.028716216,0.226351351,0.016891892,0.728040541,0,1.065065544
23S:398,C,C,0.016891892,0.673986486,0.192567568,0.116554054,0,1.302165089
23S:399,U,G,0.001689189,0.179054054,0.320945946,0.498310811,0,1.486850965
23S:400,G,G,0.088260135,0.030827703,0.826435811,0.054476351,0,0.919833753
23S:401,A,A,0.998310811,0,0.001689189,0,0,0.017991435
23S:402,A,A,0.997043919,0.000422297,0.000422297,0.000422297,0.001689189,0.018428398
23S:403,U,G,0.008445946,0.081081081,0.16722973,0.570945946,0.172297297,1.030630733
23S:404,A,C,0.300675676,0.505067568,0.099662162,0.086148649,0.008445946,1.641294037
23S:405,U,C,0.060810811,0.273648649,0.003378378,0.658783784,0.003378378,1.17767286
23S:406,G,G,0.108108108,0.02027027,0.864864865,0.006756757,0,0.690839261
23S:407,G,G,0,0.130067568,0.842905405,0.027027027,0,0.731366085
23S:408,G,G,0.001689189,0.148648649,0.849662162,0,0,0.62404708
23S:409,G,G,0.346283784,0.101351351,0.402027027,0.150337838,0,1.804024718
23S:410,G,G,0.111486486,0.025337838,0.861486486,0,0.001689189,0.671386475
23S:411,G,G,0.037162162,0.006756757,0.949324324,0.006756757,0,0.345171123
23S:412,A,A,0.91722973,0.065878378,0.013513514,0.003378378,0,0.484484377
23S:413,C,C,0.214527027,0.751689189,0.018581081,0.015202703,0,0.984613151
23S:414,C,C,0.157094595,0.765202703,0.021959459,0.055743243,0,1.06807186
23S:415,A,A,0.748310811,0.10472973,0.025337838,0.121621622,0,1.157961322
23S:416,U,C,0.027027027,0.260135135,0.043918919,0.668918919,0,1.232220627
23S:417,C,C,0,0.859797297,0.025337838,0.114864865,0,0.680339427
23S:418,C,C,0.146959459,0.402027027,0.10472973,0.346283784,0,1.805810961
23S:419,U,C,0,0.322635135,0.148648649,0.528716216,0,1.421455413
23S:420,C,C,0.027027027,0.839527027,0.130067568,0.003378378,0,0.76313195
23S:421,C,C,0.006756757,0.633445946,0.02027027,0.339527027,0,1.109096973
23S:422,A,A,0.997043919,0.002111486,0.000422297,0.000422297,0,0.032491747
23S:423,A,A,0.998310811,0,0,0.001689189,0,0.017991435
23S:424,G,G,0.070945946,0.069256757,0.85472973,0.005067568,0,0.769780054
23S:425,G,G,0.018581081,0.246621622,0.721283784,0.013513514,0,1.028822406
23S:426,C,C,0.000422297,0.983530405,0.000422297,0.015625,0,0.126781299
23S:427,U,G,0,0,0.001689189,0.998310811,0,0.017991435
23S:428,A,A,0.97972973,0,0.02027027,0,0,0.142955355
23S:429,A,A,0.997043919,0.002111486,0.000422297,0.000422297,0,0.032491747
23S:430,A,A,0.926097973,0.000422297,0.073057432,0.000422297,0,0.387824115
23S:431,U,C,0.000422297,0.024070946,0.002111486,0.97339527,0,0.190785922
23S:432,A,A,0.998733108,0.000422297,0.000422297,0.000422297,0,0.016027746
23S:433,C,C,0.006756757,0.863175676,0.006756757,0.114864865,0.008445946,0.633862549
23S:434,U,G,0.030405405,0.044481982,0.103603604,0.821509009,0,0.924875931
23S:435,C,C,0.204391892,0.5625,0.150337838,0.070945946,0.011824324,1.597768504
23S:436,C,C,0.072635135,0.5,0.273648649,0.091216216,0.0625,1.501424322
23S:437,U,C,0.02027027,0.565878378,0,0.413851351,0,1.105599251
23S:438,G,G,0.084459459,0.158783784,0.305743243,0.449324324,0.001689189,1.761016129
23S:439,A,A,0.603040541,0.131756757,0.163851351,0.101351351,0,1.587581898
23S:440,C,G,0.10472973,0.160472973,0.665540541,0.067567568,0.001689189,1.415720993
23S:441,U,A,0.277027027,0.084459459,0.003378378,0.635135135,0,1.25783724
23S:442,G,G,0.016891892,0.057432432,0.912162162,0.013513514,0,0.541086068
23S:443,A,A,0.976351351,0.001689189,0.001689189,0.02027027,0,0.178834118
23S:444,C,C,0.001689189,0.923986486,0.010135135,0.064189189,0,0.442370271
23S:445,C,C,0,0.996621622,0,0.003378378,0,0.032600367
23S:446,G,G,0.003378378,0,0.983108108,0.011824324,0.001689189,0.127382444
23S:447,A,A,1,0,0,0,0,0
23S:448,U,A,0,0,0,1,0,0
23S:449,A,A,0.999155405,0.000844595,0,0,0,0.009840827
23S:450,G,G,0,0.001689189,0.998310811,0,0,0.017991435
23S:451,U,C,0.015202703,0.33277027,0,0.60472973,0.047297297,1.008790043
23S:452,G,G,0.10472973,0.02027027,0.873310811,0.001689189,0,0.641162311
23S:453,A,A,0.790540541,0.050675676,0.136824324,0.021959459,0,0.9997051
23S:454,A,A,0.952702703,0.047297297,0,0,0,0.274803196
23S:455,C,C,0.057432432,0.861486486,0.018581081,0.021959459,0.040540541,0.623512603
23S:456,C,C,0.304054054,0.508445946,0.02027027,0.165540541,0.001689189,1.559308779
23S:457,A,A,0.998310811,0,0.001689189,0,0,0.017991435
23S:458,G,G,0.001689189,0,0.996621622,0.001689189,0,0.035978746
23S:459,U,A,0.001689189,0,0,0.998310811,0,0.017991435
23S:460,A,A,0.998310811,0.001689189,0,0,0,0.017991435
23S:461,C,C,0.001689189,0.95777027,0.038851351,0.001689189,0,0.272785938
23S:462,C,C,0.027027027,0.910472973,0.005067568,0.057432432,0,0.539367432
23S:463,G,G,0.005067568,0,0.994932432,0,0,0.045930021
23S:464,U,C,0,0.077702703,0,0.922297297,0,0.394032337
23S:465,G,G,0.035472973,0,0.962837838,0,0.001689189,0.22310552
23S:466,A,A,1,0,0,0,0,0
23S:467,G,G,0.059121622,0.006756757,0.907094595,0.027027027,0,0.558340459
23S:468,G,G,0.001689189,0.035472973,0.954391892,0.005067568,0.003378378,0.288369512
23S:469,G,G,0.002252252,0.005630631,0.961711712,0.008445946,0.021959459,0.170395005
23S:470,A,A,0.998310811,0,0.001689189,0,0,0.017991435
23S:471,A,A,1,0,0,0,0,0
23S:472,A,A,0.885135135,0.067567568,0.008445946,0.037162162,0.001689189,0.652070697
23S:473,G,G,0.001689189,0.001689189,0.989864865,0.006756757,0,0.094373101
23S:474,G,G,0.125,0.070945946,0.744932432,0.057432432,0.001689189,1.196982006
23S:475,C,C,0.001689189,0.189189189,0.001689189,0.798986486,0.008445946,0.737955713
23S:476,G,G,0.003378378,0,0.981418919,0.008445946,0.006756757,0.11170265
23S:477,A,A,0.971283784,0.018581081,0.003378378,0,0.006756757,0.174219223
23S:478,A,A,0.989864865,0,0.003378378,0,0.006756757,0.041996509
23S:479,A,A,0.993243243,0,0,0,0.006756757,0.009649291
23S:480,A,A,0.993243243,0,0,0,0.006756757,0.009649291
23S:481,G,G,0.003378378,0,0.989864865,0,0.006756757,0.041996509
23S:482,A,C,0.478040541,0.319256757,0.057432432,0.136824324,0.008445946,1.650209642
23S:483,A,A,0.972128378,0.000844595,0.01097973,0.009290541,0.006756757,0.181213275
23S:484,C,C,0.007601351,0.977195946,0.000844595,0.004222973,0.010135135,0.126665955
23S:485,C,C,0.002533784,0.796452703,0.005912162,0.188344595,0.006756757,0.77548443
23S:486,C,C,0,0.787162162,0.047297297,0.158783784,0.006756757,0.89544661
23S:487,C,C,0.074746622,0.706503378,0.003800676,0.203125,0.011824324,1.118087326
23S:488,G,G,0.016891892,0.010135135,0.890202703,0.072635135,0.010135135,0.584767449
23S:489,G,G,0.292652027,0.012246622,0.655827703,0.005489865,0.033783784,1.001916124
23S:490,C,C,0.054476351,0.165962838,0.034206081,0.103462838,0.641891892,0.416805549
23S:491,G,G,0.505912162,0.005912162,0.429898649,0.05152027,0.006756757,1.276439351
23S:492,A,A,0.900337838,0.014358108,0.060810811,0.016047297,0.008445946,0.560803363
23S:493,G,G,0.207347973,0.002956081,0.690456081,0.075591216,0.023648649,1.118978135
23S:494,G,G,0.010557432,0.046030405,0.924408784,0.002111486,0.016891892,0.39062862
23S:495,G,G,0.1875,0.008445946,0.795608108,0,0.008445946,0.766906116
23S:496,G,G,0.015202703,0.008445946,0.959459459,0.005067568,0.011824324,0.24300442
23S:497,A,A,0.903716216,0.003378378,0.052364865,0.02027027,0.02027027,0.486500268
23S:498,G,G,0.005067568,0,0.983108108,0.005067568,0.006756757,0.100752706
23S:499,U,C,0.001689189,0.013513514,0.001689189,0.974662162,0.008445946,0.149835966
23S:500,G,G,0.003378378,0.048986486,0.83277027,0.108108108,0.006756757,0.802267598
23S:501,A,A,0.841216216,0.050675676,0.003378378,0.001689189,0.103040541,0.422619505
23S:502,A,A,0.97972973,0.011824324,0.001689189,0,0.006756757,0.119390224
23S:503,A,A,0.988175676,0,0,0.005067568,0.006756757,0.055219618
23S:504,A,G,0.221283784,0.074324324,0.233108108,0.45777027,0.013513514,1.74216279
23S:505,A,A,0.988175676,0.001689189,0,0.003378378,0.006756757,0.059841702
23S:506,G,G,0.003378378,0,0.986486486,0.003378378,0.006756757,0.074327205
