resNum,resName,Consensus,A,C,G,U,Gaps,Shannon
varchar(11),varchar(3),char(1),"real(5,4)","real(5,4)","real(5,4)","real(5,4)","real(5,4)","real(5,4)"
5.8S:1,A,A,0.565891473,0.023255814,0.093023256,0.224806202,0.093023256,1.515447217
5.8S:2,A,A,0.88372093,0.007751938,0.054263566,0,0.054263566,0.606122218
5.8S:3,C,G,0.085271318,0.19379845,0.534883721,0.139534884,0.046511628,1.683771379
5.8S:4,U,G,0.07751938,0.162790698,0.519379845,0.201550388,0.03875969,1.704001566
5.8S:5,C,G,0.015503876,0.341085271,0.511627907,0.093023256,0.03875969,1.491109074
5.8S:6,U,C,0,0.643410853,0.023255814,0.302325581,0.031007752,1.136562238
5.8S:7,A,A,0.426356589,0.11627907,0.279069767,0.147286822,0.031007752,1.829830263
5.8S:8,A,C,0.217054264,0.325581395,0.108527132,0.317829457,0.031007752,1.900440248
5.8S:9,G,A,0.403100775,0.263565891,0.186046512,0.11627907,0.031007752,1.8701335
5.8S:10,C,C,0.046511628,0.565891473,0.007751938,0.356589147,0.023255814,1.298724933
5.8S:11,G,G,0.11627907,0.007751938,0.860465116,0,0.015503876,0.654887524
5.8S:12,G,G,0.124031008,0,0.860465116,0,0.015503876,0.623375769
5.8S:13,U,U,0.015503876,0.093023256,0.069767442,0.813953488,0.007751938,0.936534124
5.8S:14,G,G,0,0,0.992248062,0,0.007751938,0.060754188
5.8S:15,G,G,0.062015504,0,0.930232558,0,0.007751938,0.383080784
5.8S:16,A,A,0.992248062,0,0,0,0.007751938,0.060754188
5.8S:17,U,U,0,0,0,0.992248062,0.007751938,0.060754188
5.8S:18,C,G,0.11627907,0.108527132,0.76744186,0.007751938,0,1.056090564
5.8S:19,A,C,0.07751938,0.534883721,0.279069767,0.108527132,0,1.630392082
5.8S:20,C,C,0,0.968992248,0.015503876,0.015503876,0,0.23042853
5.8S:21,U,U,0.007751938,0.015503876,0,0.976744186,0,0.18070578
5.8S:22,C,U,0.139534884,0.317829457,0.023255814,0.519379845,0,1.539125352
5.8S:23,G,G,0,0,1,0,0,0
5.8S:24,G,G,0.015503876,0.015503876,0.968992248,0,0,0.23042853
5.8S:25,C,C,0.03875969,0.837209302,0.015503876,0.108527132,0,0.837270204
5.8S:26,U,U,0.372093023,0.007751938,0.11627907,0.503875969,0,1.444285652
5.8S:27,C,U,0.15503876,0.294573643,0.248062016,0.302325581,0,1.95703738
5.8S:28,A,G,0.263565891,0.286821705,0.333333333,0.11627907,0,1.913116755
5.8S:29,U,A,0.379844961,0.07751938,0.178294574,0.11627907,0.248062016,1.854983911
5.8S:30,G,G,0.108527132,0.100775194,0.76744186,0.023255814,0,1.100608045
5.8S:31,G,A,0.589147287,0.294573643,0.031007752,0.085271318,0,1.427370788
5.8S:32,G,G,0.147286822,0,0.837209302,0.015503876,0,0.714804984
5.8S:33,U,C,0.023255814,0.426356589,0.387596899,0.162790698,0,1.606877278
5.8S:34,C,C,0,0.906976744,0,0.085271318,0.007751938,0.46708253
5.8S:35,G,G,0,0,0.96124031,0.031007752,0.007751938,0.249276513
5.8S:36,A,A,0.976744186,0,0,0.015503876,0.007751938,0.167235372
5.8S:37,U,U,0.19379845,0.108527132,0.046511628,0.651162791,0,1.41538375
5.8S:38,G,G,0,0,1,0,0,0
5.8S:39,A,A,1,0,0,0,0,0
5.8S:40,A,A,0.976744186,0.023255814,0,0,0,0.159350063
5.8S:41,G,G,0.031007752,0,0.968992248,0,0,0.199420778
5.8S:42,A,G,0.186046512,0,0.813953488,0,0,0.693127415
5.8S:43,A,A,0.759689922,0.054263566,0.170542636,0.015503876,0,1.05773466
5.8S:44,C,C,0,0.984496124,0,0.015503876,0,0.115390393
5.8S:45,G,G,0,0,1,0,0,0
5.8S:46,C,U,0,0.255813953,0.031007752,0.713178295,0,1.006322559
5.8S:47,A,G,0.255813953,0,0.720930233,0.023255814,0,0.969663977
5.8S:48,G,G,0.124031008,0.224806202,0.620155039,0.031007752,0,1.440407903
5.8S:49,C,C,0.054263566,0.612403101,0.023255814,0.302325581,0.007751938,1.321331722
5.8S:50,A,A,0.728682171,0,0.07751938,0.19379845,0,1.077529288
5.8S:51,A,A,0.744186047,0.085271318,0.147286822,0.023255814,0,1.153276417
5.8S:52,A,G,0.201550388,0.209302326,0.511627907,0.07751938,0,1.718648278
5.8S:53,C,C,0.062015504,0.860465116,0.046511628,0.031007752,0,0.796576587
5.8S:54,U,U,0.031007752,0.03875969,0.11627907,0.813953488,0,0.939841374
5.8S:55,G,G,0.062015504,0.031007752,0.906976744,0,0,0.531904215
5.8S:56,U,C,0,0.984496124,0,0.015503876,0,0.115390393
5.8S:57,G,G,0.007751938,0,0.992248062,0,0,0.065490821
5.8S:58,C,A,0.953488372,0.015503876,0.007751938,0.023255814,0,0.339256932
5.8S:59,G,U,0.317829457,0,0.069767442,0.612403101,0,1.226826974
5.8S:60,U,A,0.984496124,0,0,0.015503876,0,0.115390393
5.8S:61,C,A,0.689922481,0.15503876,0.023255814,0.131782946,0,1.297889325
5.8S:62,A,G,0.023255814,0.015503876,0.860465116,0.093023256,0.007751938,0.742399343
5.8S:63,U,C,0.007751938,0.798449612,0.007751938,0.186046512,0,0.819377222
5.8S:64,C,C,0.139534884,0.418604651,0.15503876,0.286821705,0,1.85610391
5.8S:65,G,U,0.209302326,0.325581395,0.11627907,0.348837209,0,1.890327701
5.8S:66,U,C,0.054263566,0.441860465,0.19379845,0.310077519,0,1.73138428
5.8S:67,G,G,0.062015504,0,0.914728682,0.023255814,0,0.492570144
5.8S:68,U,G,0.03875969,0.046511628,0.76744186,0.147286822,0,1.087689708
5.8S:69,G,G,0.085271318,0.023255814,0.782945736,0.108527132,0,1.053157767
5.8S:70,A,A,0.992248062,0,0.007751938,0,0,0.065490821
5.8S:71,A,G,0.186046512,0.023255814,0.759689922,0.031007752,0,1.034207471
5.8S:72,C,C,0.046511628,0.472868217,0.23255814,0.248062016,0,1.705091825
5.8S:73,U,U,0.031007752,0.387596899,0.007751938,0.573643411,0,1.199658585
5.8S:74,G,G,0.015503876,0.007751938,0.976744186,0,0,0.18070578
5.8S:75,C,C,0.07751938,0.604651163,0.209302326,0.108527132,0,1.544827368
5.8S:76,A,A,0.658914729,0.139534884,0.085271318,0.11627907,0,1.456855268
5.8S:77,G,A,0.519379845,0.085271318,0.263565891,0.131782946,0,1.686092926
5.8S:78,G,G,0.387596899,0.031007752,0.503875969,0.062015504,0.015503876,1.453576223
5.8S:79,A,-,0.23255814,0.046511628,0.07751938,0.046511628,0.596899225,1.936933457
5.8S:80,C,C,0.093023256,0.503875969,0.186046512,0.201550388,0.015503876,1.746981579
5.8S:81,A,A,0.751937984,0.062015504,0.124031008,0.054263566,0.007751938,1.170895839
5.8S:82,C,G,0.310077519,0.186046512,0.418604651,0.069767442,0.015503876,1.782191028
5.8S:83,A,G,0.108527132,0.333333333,0.426356589,0.100775194,0.031007752,1.760582335
5.8S:84,U,U,0.15503876,0.015503876,0.046511628,0.775193798,0.007751938,1.015521036
5.8S:85,G,G,0.100775194,0.007751938,0.837209302,0.054263566,0,0.830722984
5.8S:86,A,A,0.992248062,0,0.007751938,0,0,0.065490821
5.8S:87,A,U,0.240310078,0.07751938,0.085271318,0.596899225,0,1.527539829
5.8S:88,C,C,0.015503876,0.92248062,0,0.062015504,0,0.449341102
5.8S:89,A,C,0.186046512,0.744186047,0.031007752,0.03875969,0,1.10576105
5.8S:90,U,G,0.108527132,0.217054264,0.457364341,0.217054264,0,1.820601019
5.8S:91,C,G,0.108527132,0.224806202,0.519379845,0.147286822,0,1.729653486
5.8S:92,G,G,0.310077519,0.108527132,0.558139535,0.015503876,0.007751938,1.445655171
5.8S:93,A,G,0.186046512,0.007751938,0.790697674,0.007751938,0.007751938,0.848674439
5.8S:94,C,A,0.821705426,0.062015504,0.11627907,0,0,0.842522394
5.8S:95,A,U,0.093023256,0.015503876,0,0.891472868,0,0.559669846
5.8S:96,U,C,0.085271318,0.379844961,0.19379845,0.341085271,0,1.821413875
5.8S:97,U,U,0.007751938,0.170542636,0.062015504,0.759689922,0,1.039529113
5.8S:98,U,C,0,0.813953488,0,0.186046512,0,0.693127415
5.8S:99,U,C,0,0.84496124,0,0.15503876,0,0.622307462
5.8S:100,G,G,0,0.015503876,0.92248062,0.062015504,0,0.449341102
5.8S:101,A,A,1,0,0,0,0,0
5.8S:102,A,A,0.992248062,0,0,0,0.007751938,0.060754188
5.8S:103,C,U,0,0.19379845,0,0.798449612,0.007751938,0.752606089
5.8S:104,G,G,0.023255814,0.007751938,0.96124031,0,0.007751938,0.268213551
5.8S:105,C,G,0.031007752,0.19379845,0.759689922,0.007751938,0.007751938,0.986805994
5.8S:106,A,G,0.209302326,0,0.782945736,0,0.007751938,0.783025277
5.8S:107,U,G,0.34375,0.09375,0.53125,0.0234375,0.0078125,1.48208555
5.8S:108,A,A,0.465116279,0.325581395,0.108527132,0.093023256,0.007751938,1.714036426
5.8S:109,U,A,0.558139535,0.124031008,0.023255814,0.248062016,0.046511628,1.527374383
5.8S:110,C,A,0.511627907,0.085271318,0.054263566,0.341085271,0.007751938,1.563570499
5.8S:111,G,C,0.031007752,0.76744186,0.162790698,0.031007752,0.007751938,1.04403528
5.8S:112,C,C,0.007751938,0.906976744,0.007751938,0.062015504,0.015503876,0.530691884
5.8S:113,A,C,0.03875969,0.589147287,0.139534884,0.224806202,0.007751938,1.520933674
5.8S:114,G,G,0.379844961,0.170542636,0.403100775,0.031007752,0.015503876,1.666402453
5.8S:115,U,C,0.178294574,0.441860465,0.217054264,0.093023256,0.069767442,1.817877077
5.8S:116,C,C,0.062015504,0.558139535,0.062015504,0.255813953,0.062015504,1.542521701
5.8S:117,C,G,0.224806202,0.209302326,0.271317829,0.224806202,0.069767442,1.993911649
5.8S:118,A,C,0.108527132,0.325581395,0.271317829,0.209302326,0.085271318,1.919146966
5.8S:119,U,G,0.19379845,0.108527132,0.426356589,0.186046512,0.085271318,1.849019633
5.8S:120,G,G,0.201550388,0.07751938,0.271317829,0.217054264,0.23255814,1.936098742
5.8S:121,C,U,0.15503876,0.178294574,0.217054264,0.302325581,0.147286822,1.965051239
5.8S:122,U,-,0.209302326,0.11627907,0.085271318,0.124031008,0.465116279,1.97653293
5.8S:123,G,-,0.031007752,0.147286822,0.023255814,0.085271318,0.713178295,1.972122887
2S:1,U,-,0.03875969,0.015503876,0.170542636,0.19379845,0.581395349,1.927759834
2S:2,G,-,0.108527132,0.240310078,0.069767442,0.03875969,0.542635659,1.935749138
2S:3,C,-,0.023255814,0.201550388,0.015503876,0.224806202,0.534883721,1.888036039
2S:4,U,-,0.062015504,0.341085271,0.015503876,0.046511628,0.534883721,1.825878442
2S:5,U,-,0.07751938,0.186046512,0.124031008,0.031007752,0.581395349,1.961951563
2S:6,G,G,0.23255814,0.162790698,0.279069767,0.11627907,0.209302326,1.954016286
2S:7,G,-,0.023255814,0.085271318,0.170542636,0.255813953,0.465116279,1.909691928
2S:8,A,-,0.03875969,0.015503876,0.124031008,0.023255814,0.798449612,1.979406678
2S:9,C,-,0,0.069767442,0.108527132,0.023255814,0.798449612,1.979789059
2S:10,U,-,0.015503876,0.093023256,0,0.093023256,0.798449612,1.978498676
2S:11,A,-,0.19379845,0,0.007751938,0,0.798449612,1.928244179
2S:12,C,-,0,0.100775194,0.007751938,0.093023256,0.798449612,1.974706092
2S:13,A,-,0.023255814,0,0.170542636,0.007751938,0.798449612,1.948113333
2S:14,U,-,0.007751938,0.11627907,0.023255814,0.054263566,0.798449612,1.980627593
2S:15,A,-,0.054263566,0.11627907,0,0.031007752,0.798449612,1.979417235
2S:16,U,-,0,0.015503876,0.007751938,0.178294574,0.798449612,1.942126298
2S:17,G,-,0.015503876,0.007751938,0.162790698,0.007751938,0.80620155,1.953587418
2S:18,G,-,0,0.046511628,0.03875969,0.11627907,0.798449612,1.980133296
2S:19,U,-,0.015503876,0.093023256,0.031007752,0.062015504,0.798449612,1.989846061
2S:20,U,-,0.015503876,0,0.007751938,0.178294574,0.798449612,1.942126298
2S:21,G,-,0,0.054263566,0.15503876,0,0.790697674,1.955992352
2S:22,A,-,0.170542636,0,0.023255814,0,0.80620155,1.946246525
2S:23,G,-,0,0,0.186046512,0.007751938,0.80620155,1.93372619
2S:24,G,-,0.007751938,0.085271318,0.023255814,0.07751938,0.80620155,1.986959922
2S:25,G,-,0.007751938,0.007751938,0.162790698,0.023255814,0.798449612,1.95468742
2S:26,U,-,0,0,0.007751938,0.19379845,0.798449612,1.928244179
2S:27,U,-,0.007751938,0.124031008,0.03875969,0.031007752,0.798449612,1.978614499
2S:28,G,-,0.054263566,0.015503876,0.108527132,0.015503876,0.80620155,1.983676826
2S:29,U,-,0.03875969,0.069767442,0.015503876,0.069767442,0.80620155,1.993895204
2S:30,A,-,0.007751938,0.015503876,0,0.108527132,0.868217054,1.97889054
28S:1,U,-,0.046511628,0.046511628,0.162790698,0.124031008,0.620155039,1.970918747
28S:2,U,-,0.03875969,0.124031008,0.108527132,0.11627907,0.612403101,1.985896206
28S:3,A,-,0.046511628,0.240310078,0.093023256,0.062015504,0.558139535,1.936978938
28S:4,U,-,0.069767442,0.286821705,0.108527132,0.07751938,0.457364341,1.917766511
28S:5,A,-,0.069767442,0.294573643,0.046511628,0.139534884,0.449612403,1.898145878
28S:6,U,-,0.15503876,0.263565891,0.108527132,0.124031008,0.348837209,1.960051689
28S:7,A,-,0.031007752,0.07751938,0.108527132,0.100775194,0.682170543,1.989106028
28S:8,C,-,0.147286822,0.23255814,0.085271318,0.240310078,0.294573643,1.950526122
28S:9,A,-,0.11627907,0.162790698,0.248062016,0.162790698,0.310077519,1.974530296
28S:10,A,A,0.372093023,0.085271318,0.100775194,0.124031008,0.317829457,1.85950022
28S:11,C,-,0.201550388,0.286821705,0.07751938,0.108527132,0.325581395,1.922956363
28S:12,C,C,0.031007752,0.511627907,0.100775194,0.085271318,0.271317829,1.63369827
28S:13,U,U,0.023255814,0.046511628,0.031007752,0.627906977,0.271317829,1.366711983
28S:14,C,G,0.023255814,0.162790698,0.519379845,0.015503876,0.279069767,1.560665188
28S:15,A,A,0.612403101,0.007751938,0.015503876,0.015503876,0.348837209,1.357576063
28S:16,A,G,0.07751938,0.069767442,0.410852713,0.03875969,0.403100775,1.769846771
28S:17,C,-,0.11627907,0.124031008,0.19379845,0.19379845,0.372093023,1.984192764
28S:18,U,U,0.108527132,0.07751938,0.069767442,0.372093023,0.372093023,1.840909194
28S:19,C,-,0.15503876,0.240310078,0.201550388,0.15503876,0.248062016,1.985519513
28S:20,A,-,0.23255814,0.03875969,0.170542636,0.178294574,0.379844961,1.934979294
28S:21,U,G,0.186046512,0.100775194,0.441860465,0.178294574,0.093023256,1.825127791
28S:22,A,G,0.209302326,0.085271318,0.472868217,0.19379845,0.03875969,1.777046508
28S:23,U,G,0.356589147,0.147286822,0.403100775,0.07751938,0.015503876,1.765076476
28S:24,G,G,0.418604651,0,0.441860465,0.131782946,0.007751938,1.451299983
28S:25,G,A,0.403100775,0.147286822,0.317829457,0.124031008,0.007751938,1.84014645
28S:26,G,G,0.023255814,0,0.976744186,0,0,0.159350063
28S:27,A,G,0.162790698,0.356589147,0.480620155,0,0,1.464849836
28S:28,C,G,0.108527132,0.15503876,0.627906977,0.108527132,0,1.533922217
28S:29,U,-,0.093023256,0.03875969,0.085271318,0.124031008,0.658914729,1.989031967
28S:30,A,A,1,0,0,0,0,0
28S:31,C,C,0,0.976744186,0.007751938,0.015503876,0,0.18070578
28S:32,C,C,0,0.627906977,0.317829457,0.054263566,0,1.175266272
28S:33,C,C,0.046511628,0.720930233,0.131782946,0.100775194,0,1.265148735
28S:34,C,G,0.147286822,0.19379845,0.620155039,0.03875969,0,1.475018608
28S:35,C,G,0.007751938,0.387596899,0.581395349,0.023255814,0,1.165420288
28S:36,U,G,0.03875969,0.271317829,0.395348837,0.294573643,0,1.741076217
28S:37,G,G,0.015503876,0.007751938,0.968992248,0.007751938,0,0.245932406
28S:38,A,A,0.976744186,0,0.023255814,0,0,0.159350063
28S:39,A,A,0.984496124,0,0.015503876,0,0,0.115390393
28S:40,U,C,0.031007752,0.612403101,0.100775194,0.255813953,0,1.425417942
28S:41,U,U,0.007751938,0.007751938,0.085271318,0.899224806,0,0.549370331
28S:42,U,G,0,0,0.798449612,0.201550388,0,0.725018054
28S:43,A,A,1,0,0,0,0,0
28S:44,A,A,1,0,0,0,0,0
28S:45,G,A,0.75,0.015625,0.234375,0,0,0.925244869
28S:46,C,C,0,0.984496124,0,0.015503876,0,0.115390393
28S:47,A,A,0.992248062,0,0.007751938,0,0,0.065490821
28S:48,U,U,0,0,0,1,0,0
28S:49,A,C,0.201550388,0.798449612,0,0,0,0.725018054
28S:50,U,U,0,0.015503876,0,0.984496124,0,0.115390393
28S:51,U,U,0.286821705,0.317829457,0.023255814,0.372093023,0,1.699269936
28S:52,A,A,0.992248062,0,0,0.007751938,0,0.065490821
28S:53,A,G,0.07751938,0.031007752,0.852713178,0.03875969,0,0.819145938
28S:54,U,U,0,0,0,1,0,0
28S:55,U,A,0.92248062,0.046511628,0.007751938,0.023255814,0,0.493801082
28S:56,A,C,0.263565891,0.426356589,0.302325581,0.007751938,0,1.60751247
28S:57,G,C,0.015503876,0.581395349,0.395348837,0.007751938,0,1.131730401
28S:58,G,C,0.03875969,0.581395349,0.186046512,0.19379845,0,1.546835418
28S:59,G,G,0.100775194,0.124031008,0.720930233,0.054263566,0,1.275576323
28S:60,G,G,0.03875969,0.240310078,0.643410853,0.07751938,0,1.371403381
28S:61,A,A,0.968992248,0.007751938,0.007751938,0.007751938,0.007751938,0.23577961
28S:62,G,G,0.007751938,0,0.992248062,0,0,0.065490821
28S:63,G,G,0,0,1,0,0,0
28S:64,A,A,1,0,0,0,0,0
28S:65,A,A,0.860465116,0,0.139534884,0,0,0.583019417
28S:66,A,A,0.759689922,0.03875969,0.201550388,0,0,0.948726187
28S:67,A,A,0.914728682,0,0.085271318,0,0,0.420485956
28S:68,G,G,0,0,0.976744186,0.023255814,0,0.159350063
28S:69,A,A,1,0,0,0,0,0
28S:70,A,A,0.906976744,0.07751938,0.007751938,0,0.007751938,0.497826943
28S:71,A,A,0.976744186,0.007751938,0.007751938,0,0.007751938,0.177526155
28S:72,C,U,0.131782946,0.224806202,0.217054264,0.418604651,0.007751938,1.878944891
28S:73,U,C,0.069767442,0.728682171,0,0.19379845,0.007751938,1.081471939
28S:74,A,A,0.930232558,0,0.054263566,0.007751938,0.007751938,0.410162018
28S:75,A,A,0.92248062,0.031007752,0,0.007751938,0.03875969,0.449141587
28S:76,C,C,0.310077519,0.472868217,0.023255814,0.11627907,0.07751938,1.616111604
28S:77,A,C,0.255813953,0.457364341,0.007751938,0.178294574,0.100775194,1.651518056
28S:78,A,G,0.19379845,0,0.720930233,0.069767442,0.015503876,1.107066096
28S:79,G,A,0.410852713,0.217054264,0.224806202,0.131782946,0.015503876,1.88559724
28S:80,G,G,0,0,0.984496124,0.007751938,0.007751938,0.119184116
28S:81,A,A,0.992248062,0,0,0,0.007751938,0.060754188
28S:82,U,U,0,0.085271318,0,0.906976744,0.007751938,0.46708253
28S:83,U,U,0.046511628,0.069767442,0.15503876,0.720930233,0.007751938,1.241992956
28S:84,U,C,0.007751938,0.821705426,0.046511628,0.11627907,0.007751938,0.871127234
28S:85,U,C,0,0.92248062,0,0.07751938,0,0.393377683
28S:86,C,C,0,0.581395349,0.410852713,0.007751938,0,1.03648938
28S:87,U,U,0.046511628,0.19379845,0.046511628,0.705426357,0.007751938,1.23707631
28S:88,U,U,0.15503876,0.19379845,0.23255814,0.410852713,0.007751938,1.897500878
28S:89,A,A,0.992248062,0.007751938,0,0,0,0.065490821
28S:90,G,G,0,0,1,0,0,0
28S:91,U,U,0,0,0,1,0,0
28S:92,A,A,1,0,0,0,0,0
28S:93,G,G,0.255813953,0,0.744186047,0,0,0.820363643
28S:94,C,C,0.054263566,0.519379845,0.124031008,0.302325581,0,1.614249374
28S:95,G,G,0.007751938,0.031007752,0.945736434,0.015503876,0,0.37905706
28S:96,G,G,0.015503876,0,0.976744186,0.007751938,0,0.18070578
28S:97,C,C,0,0.984496124,0,0.015503876,0,0.115390393
28S:98,G,G,0,0,1,0,0,0
28S:99,A,A,1,0,0,0,0,0
28S:100,G,G,0.03875969,0.124031008,0.782945736,0.054263566,0,1.05975063
28S:101,C,C,0,0.775193798,0,0.224806202,0,0.768846885
28S:102,G,G,0.007751938,0,0.992248062,0,0,0.065490821
28S:103,A,A,1,0,0,0,0,0
28S:104,A,A,0.992248062,0.007751938,0,0,0,0.065490821
28S:105,A,A,0.441860465,0.434108527,0.11627907,0.007751938,0,1.458591865
28S:106,A,G,0.209302326,0.248062016,0.480620155,0.054263566,0.007751938,1.714517299
28S:107,G,G,0.007751938,0.379844961,0.581395349,0.023255814,0.007751938,1.182585612
28S:108,A,G,0.007751938,0,0.984496124,0,0.007751938,0.119184116
28S:109,A,G,0.11627907,0.046511628,0.829457364,0.007751938,0,0.844947399
28S:110,A,-,0.364341085,0,0,0.015503876,0.620155039,1.759966828
28S:111,A,A,0.511627907,0.162790698,0.100775194,0.069767442,0.15503876,1.68405596
28S:112,C,A,0.480620155,0.139534884,0.263565891,0.11627907,0,1.772499218
28S:113,A,A,0.976744186,0,0,0.023255814,0,0.159350063
28S:114,G,G,0.023255814,0,0.976744186,0,0,0.159350063
28S:115,U,C,0.007751938,0.682170543,0.217054264,0.093023256,0,1.227851517
28S:116,U,C,0.015503876,0.751937984,0.069767442,0.162790698,0,1.096812243
28S:117,C,C,0.007751938,0.821705426,0.007751938,0.162790698,0,0.767830092
28S:118,A,A,0.875968992,0,0.07751938,0.046511628,0,0.659217343
28S:119,G,A,0.620155039,0.046511628,0.201550388,0.054263566,0.07751938,1.429384669
28S:120,C,A,0.589147287,0.131782946,0.062015504,0.162790698,0.054263566,1.567775492
28S:121,A,C,0.186046512,0.565891473,0.162790698,0.07751938,0.007751938,1.635814143
28S:122,C,C,0.11627907,0.620155039,0.062015504,0.19379845,0.007751938,1.504438091
28S:123,U,G,0.178294574,0.093023256,0.441860465,0.124031008,0.162790698,1.803849114
28S:124,A,A,0.449612403,0.186046512,0.19379845,0.15503876,0.015503876,1.856549817
28S:125,A,A,0.542635659,0.07751938,0.131782946,0.201550388,0.046511628,1.659955608
28S:126,G,A,0.317829457,0.170542636,0.186046512,0.271317829,0.054263566,1.957641108
28S:127,U,C,0.255813953,0.279069767,0.11627907,0.11627907,0.23255814,1.932426042
28S:128,C,-,0.007751938,0.372093023,0.031007752,0.15503876,0.434108527,1.772499218
28S:129,A,C,0.085271318,0.341085271,0.15503876,0.07751938,0.341085271,1.880211508
28S:130,C,U,0.031007752,0.201550388,0.248062016,0.310077519,0.209302326,1.852745968
28S:131,U,-,0.093023256,0.201550388,0.23255814,0.100775194,0.372093023,1.956699488
28S:132,U,-,0.085271318,0.124031008,0.131782946,0.178294574,0.480620155,1.987409849
28S:133,U,-,0.046511628,0.100775194,0.015503876,0.108527132,0.728682171,1.982590717
28S:134,G,-,0.015503876,0.007751938,0.147286822,0,0.829457364,1.960604087
28S:135,U,-,0,0.007751938,0,0.015503876,0.976744186,1.999525108
28S:136,C,-,0.023255814,0.046511628,0.108527132,0.147286822,0.674418605,1.972097882
28S:137,U,-,0.147286822,0.093023256,0.046511628,0.201550388,0.511627907,1.96069084
28S:138,A,-,0.255813953,0.007751938,0.015503876,0.023255814,0.697674419,1.888512868
28S:139,U,-,0,0.085271318,0.15503876,0.046511628,0.713178295,1.962959853
28S:140,A,-,0.023255814,0.054263566,0.11627907,0.147286822,0.658914729,1.972009806
28S:141,U,U,0.131782946,0.15503876,0.209302326,0.255813953,0.248062016,1.973344462
28S:142,G,G,0.19379845,0.100775194,0.379844961,0.19379845,0.131782946,1.88594299
28S:143,G,-,0.015503876,0.19379845,0.302325581,0.139534884,0.348837209,1.867117441
28S:144,C,A,0.341085271,0.217054264,0.224806202,0.062015504,0.15503876,1.874287401
28S:145,A,-,0.100775194,0.093023256,0.286821705,0.139534884,0.379844961,1.934875384
28S:146,A,-,0.310077519,0.07751938,0.139534884,0.11627907,0.356589147,1.915511508
28S:147,A,U,0.069767442,0.085271318,0.147286822,0.356589147,0.341085271,1.86217682
28S:148,U,G,0.054263566,0.11627907,0.348837209,0.217054264,0.263565891,1.856808953
28S:149,G,U,0.054263566,0.170542636,0.069767442,0.434108527,0.271317829,1.756414637
28S:150,U,G,0.015503876,0.07751938,0.596899225,0.03875969,0.271317829,1.439068757
28S:151,G,G,0,0,0.728682171,0,0.271317829,1.051371653
28S:152,A,G,0.19379845,0,0.333333333,0.201550388,0.271317829,1.807778378
28S:153,G,G,0.100775194,0.023255814,0.612403101,0,0.263565891,1.38014151
28S:154,A,U,0.069767442,0.031007752,0.015503876,0.627906977,0.255813953,1.368688193
28S:155,U,U,0.062015504,0.023255814,0.015503876,0.612403101,0.286821705,1.392300002
28S:156,G,G,0.069767442,0.015503876,0.573643411,0.093023256,0.248062016,1.503754577
28S:157,C,U,0.03875969,0.139534884,0.054263566,0.511627907,0.255813953,1.627499891
28S:158,A,G,0.333333333,0.015503876,0.348837209,0.046511628,0.255813953,1.697426999
28S:159,G,G,0.07751938,0.007751938,0.658914729,0.007751938,0.248062016,1.272784856
28S:160,U,G,0.062015504,0.170542636,0.418604651,0.100775194,0.248062016,1.797230705
28S:161,G,A,0.294573643,0.19379845,0.178294574,0.085271318,0.248062016,1.934951563
28S:162,U,C,0.007751938,0.410852713,0.046511628,0.286821705,0.248062016,1.656648489
28S:163,A,C,0.240310078,0.248062016,0.11627907,0.147286822,0.248062016,1.961369132
28S:164,U,-,0.302325581,0.062015504,0.108527132,0.170542636,0.356589147,1.909166347
28S:165,G,-,0.085271318,0.100775194,0.348837209,0.100775194,0.364341085,1.876637275
28S:166,G,-,0.178294574,0.062015504,0.333333333,0.031007752,0.395348837,1.842586698
28S:167,A,A,0.434108527,0.031007752,0.069767442,0.062015504,0.403100775,1.729667431
28S:168,G,G,0.069767442,0.062015504,0.395348837,0.100775194,0.372093023,1.80702363
28S:169,C,-,0.054263566,0.170542636,0.093023256,0.310077519,0.372093023,1.893813886
28S:170,G,-,0.054263566,0.209302326,0.131782946,0.131782946,0.472868217,1.964743666
28S:171,U,-,0.15503876,0.108527132,0.069767442,0.031007752,0.635658915,1.975518883
28S:172,C,-,0.023255814,0.248062016,0.069767442,0.03875969,0.620155039,1.914772651
28S:173,A,-,0.15503876,0.186046512,0.100775194,0.069767442,0.488372093,1.976057387
28S:174,A,-,0.178294574,0.124031008,0.240310078,0.209302326,0.248062016,1.978089443
28S:175,U,-,0.046511628,0.069767442,0.07751938,0.11627907,0.689922481,1.992801512
28S:176,A,-,0.007751938,0.248062016,0.023255814,0.07751938,0.643410853,1.903177682
28S:177,U,-,0.023255814,0.03875969,0,0.015503876,0.92248062,1.997743745
28S:178,U,-,0.015503876,0.046511628,0,0.015503876,0.92248062,1.996748912
28S:179,C,-,0,0.178294574,0.03875969,0.054263566,0.728682171,1.951315806
28S:180,U,-,0,0.03875969,0.11627907,0.209302326,0.635658915,1.927034802
28S:181,A,-,0.15503876,0.224806202,0.186046512,0.108527132,0.325581395,1.978736455
28S:182,G,-,0,0,0.015503876,0,0.984496124,1.999485063
28S:183,U,-,0,0,0,0.015503876,0.984496124,1.999485063
28S:184,A,-,0.209302326,0.139534884,0.240310078,0.069767442,0.341085271,1.947517271
28S:185,U,G,0.224806202,0.217054264,0.263565891,0.19379845,0.100775194,1.992801512
28S:186,G,G,0.255813953,0.224806202,0.302325581,0.178294574,0.03875969,1.9761846
28S:187,A,G,0.224806202,0.139534884,0.395348837,0.209302326,0.031007752,1.903117614
28S:188,G,G,0.170542636,0.240310078,0.286821705,0.279069767,0.023255814,1.974166756
28S:189,A,U,0.201550388,0.162790698,0.209302326,0.395348837,0.031007752,1.91418647
28S:190,A,U,0.248062016,0.069767442,0.131782946,0.472868217,0.07751938,1.735166192
28S:191,A,A,0.736434109,0.031007752,0.108527132,0.054263566,0.069767442,1.167989396
28S:192,U,G,0.108527132,0.124031008,0.635658915,0.131782946,0,1.522009414
28S:193,U,-,0.054263566,0.031007752,0.069767442,0.046511628,0.798449612,1.997743745
28S:194,A,-,0.023255814,0.062015504,0.07751938,0.03875969,0.798449612,1.994963017
28S:195,A,-,0.015503876,0.069767442,0.093023256,0.023255814,0.798449612,1.98808105
28S:196,C,-,0.023255814,0.031007752,0.069767442,0.07751938,0.798449612,1.993574
28S:197,G,-,0.031007752,0.007751938,0.131782946,0.031007752,0.798449612,1.974877691
28S:198,A,-,0.03875969,0,0.124031008,0.03875969,0.798449612,1.977028148
28S:199,U,C,0.139534884,0.511627907,0.108527132,0.240310078,0,1.733151934
28S:200,U,C,0.201550388,0.441860465,0.170542636,0.186046512,0,1.872988813
28S:201,U,G,0.054263566,0.085271318,0.744186047,0.085271318,0.031007752,1.195485816
28S:202,A,A,0.976744186,0,0,0,0.023255814,0.154470425
28S:203,A,A,0.697674419,0.007751938,0,0.023255814,0.271317829,1.154877912
28S:204,G,G,0.046511628,0.286821705,0.457364341,0.201550388,0.007751938,1.712040349
28S:205,U,U,0.085271318,0.162790698,0.209302326,0.519379845,0.023255814,1.712691768
28S:206,C,-,0.031007752,0.248062016,0.139534884,0.131782946,0.449612403,1.930164903
28S:207,C,-,0,0.093023256,0,0,0.906976744,1.982271477
28S:208,U,G,0.248062016,0.186046512,0.333333333,0.209302326,0.023255814,1.965051239
28S:209,U,U,0.046511628,0.302325581,0.201550388,0.426356589,0.023255814,1.739777648
28S:210,C,C,0.046511628,0.666666667,0.023255814,0.240310078,0.023255814,1.253845376
28S:211,U,U,0.015503876,0.015503876,0.015503876,0.937984496,0.015503876,0.412163845
28S:212,U,G,0.03875969,0,0.92248062,0.031007752,0.007751938,0.472471797
28S:213,A,G,0.085271318,0.015503876,0.860465116,0,0.03875969,0.695756707
28S:214,A,A,0.829457364,0,0.100775194,0,0.069767442,0.770966547
28S:215,A,A,0.92248062,0,0.007751938,0.062015504,0.007751938,0.440787471
28S:216,U,A,0.534883721,0.248062016,0.023255814,0.186046512,0.007751938,1.568878112
28S:217,G,G,0.178294574,0,0.775193798,0.023255814,0.023255814,0.919535688
28S:218,A,G,0.170542636,0.217054264,0.418604651,0.19379845,0,1.898252346
28S:219,G,C,0.124031008,0.310077519,0.279069767,0.286821705,0,1.927938896
28S:220,G,-,0.015503876,0,0.085271318,0,0.899224806,1.986265185
28S:221,C,-,0,0.085271318,0.015503876,0,0.899224806,1.986265185
28S:222,C,-,0,0.069767442,0,0.031007752,0.899224806,1.990691215
28S:223,A,-,0.007751938,0,0,0.023255814,0.968992248,1.998969925
28S:224,U,C,0.170542636,0.364341085,0.333333333,0.131782946,0,1.879526291
28S:225,U,-,0,0,0.007751938,0.015503876,0.976744186,1.999525108
28S:226,U,C,0.271317829,0.364341085,0.294573643,0.069767442,0,1.828737704
28S:227,A,G,0.310077519,0.007751938,0.674418605,0.007751938,0,1.015776031
28S:228,C,C,0.03875969,0.813953488,0.023255814,0.124031008,0,0.923162858
28S:229,C,C,0.015503876,0.852713178,0.124031008,0.007751938,0,0.717044554
28S:230,C,-,0,0.07751938,0,0.007751938,0.914728682,1.98826006
28S:231,A,A,0.643410853,0.007751938,0.310077519,0.03875969,0,1.169250224
28S:232,U,U,0.139534884,0.093023256,0.186046512,0.581395349,0,1.621469877
28S:233,A,A,0.945736434,0,0.046511628,0.007751938,0,0.336345626
28S:234,G,G,0.007751938,0.108527132,0.875968992,0.007751938,0,0.623760653
28S:235,A,A,0.852713178,0.062015504,0.015503876,0.069767442,0,0.805964515
28S:236,G,G,0.15503876,0.062015504,0.775193798,0.007751938,0,1.004838256
28S:237,G,G,0.015503876,0.015503876,0.930232558,0.03875969,0,0.465207783
28S:238,G,G,0.007751938,0,0.992248062,0,0,0.065490821
28S:239,U,U,0,0,0,1,0,0
28S:240,G,G,0.054263566,0,0.937984496,0.007751938,0,0.369103719
28S:241,C,A,0.899224806,0.03875969,0,0.062015504,0,0.5683169
28S:242,C,U,0.186046512,0.248062016,0.170542636,0.395348837,0,1.914790914
28S:243,A,A,0.992248062,0,0.007751938,0,0,0.065490821
28S:244,G,G,0.11627907,0.023255814,0.84496124,0.015503876,0,0.785720761
28S:245,G,C,0,0.612403101,0.069767442,0.317829457,0,1.226826974
28S:246,C,C,0,0.992248062,0,0.007751938,0,0.065490821
28S:247,C,C,0.03875969,0.914728682,0.015503876,0.023255814,0.007751938,0.538730953
28S:248,C,C,0.023255814,0.759689922,0.069767442,0.147286822,0,1.102417953
28S:249,G,G,0.007751938,0,0.937984496,0.054263566,0,0.369103719
28S:250,U,U,0,0,0,1,0,0
28S:251,A,A,0.891472868,0.069767442,0.015503876,0.023255814,0,0.635137578
28S:252,U,G,0.131782946,0.217054264,0.395348837,0.248062016,0.007751938,1.897060305
28S:253,A,G,0.19379845,0.147286822,0.449612403,0.201550388,0.007751938,1.855465483
28S:254,A,C,0.069767442,0.534883721,0.162790698,0.224806202,0.007751938,1.668422495
28S:255,C,G,0.093023256,0.093023256,0.705426357,0.100775194,0.007751938,1.335624412
28S:256,G,A,0.565891473,0.100775194,0.11627907,0.209302326,0.007751938,1.63884235
28S:257,U,A,0.751937984,0.108527132,0.046511628,0.085271318,0.007751938,1.176895525
28S:258,U,A,0.612403101,0.108527132,0.162790698,0.069767442,0.046511628,1.525840596
28S:259,A,G,0.240310078,0.19379845,0.348837209,0.15503876,0.062015504,1.941303688
28S:260,A,C,0.170542636,0.333333333,0.19379845,0.186046512,0.11627907,1.954269241
28S:261,U,C,0.186046512,0.255813953,0.209302326,0.19379845,0.15503876,1.991774447
28S:262,G,-,0.031007752,0.131782946,0.11627907,0.046511628,0.674418605,1.978202385
28S:263,A,A,0.286821705,0.162790698,0.224806202,0.19379845,0.131782946,1.976134695
28S:264,U,G,0.255813953,0.15503876,0.341085271,0.139534884,0.108527132,1.924449984
28S:265,U,A,0.286821705,0.23255814,0.23255814,0.217054264,0.031007752,1.992135274
28S:266,A,-,0.031007752,0.023255814,0.069767442,0.023255814,0.852713178,1.995817243
28S:267,C,U,0.23255814,0.224806202,0.170542636,0.325581395,0.046511628,1.96492736
28S:268,U,-,0.093023256,0.170542636,0.209302326,0.100775194,0.426356589,1.972950488
28S:269,A,G,0.162790698,0.248062016,0.317829457,0.139534884,0.131782946,1.942664157
28S:270,G,U,0.139534884,0.170542636,0.201550388,0.317829457,0.170542636,1.950177392
28S:271,A,A,0.271317829,0.15503876,0.248062016,0.263565891,0.062015504,1.972868288
28S:272,U,G,0.217054264,0.162790698,0.457364341,0.124031008,0.03875969,1.823887207
28S:273,G,U,0.139534884,0.162790698,0.255813953,0.294573643,0.147286822,1.952369189
28S:274,A,G,0.170542636,0.178294574,0.333333333,0.031007752,0.286821705,1.8608606
28S:275,U,-,0.085271318,0.11627907,0.240310078,0.11627907,0.441860465,1.961582275
28S:276,G,G,0.139534884,0.131782946,0.372093023,0.124031008,0.23255814,1.888512868
28S:277,U,U,0.201550388,0.186046512,0.209302326,0.263565891,0.139534884,1.990448545
28S:278,U,G,0.11627907,0.131782946,0.356589147,0.248062016,0.147286822,1.893107509
28S:279,U,U,0.15503876,0.054263566,0.286821705,0.418604651,0.085271318,1.767593737
28S:280,C,U,0.279069767,0.217054264,0.15503876,0.348837209,0,1.939171526
28S:281,C,C,0.131782946,0.364341085,0.069767442,0.348837209,0.085271318,1.790216479
28S:282,A,C,0.085271318,0.627906977,0.186046512,0.062015504,0.03875969,1.469697375
28S:283,A,C,0.224806202,0.542635659,0.03875969,0.15503876,0.03875969,1.603862435
28S:284,A,U,0.23255814,0.279069767,0.093023256,0.356589147,0.03875969,1.880950613
28S:285,G,G,0.124031008,0,0.875968992,0,0,0.540837932
28S:286,A,A,1,0,0,0,0,0
28S:287,G,G,0.007751938,0,0.992248062,0,0,0.065490821
28S:288,U,U,0,0,0,1,0,0
28S:289,C,A,0.821705426,0.170542636,0,0.007751938,0,0.722335288
28S:290,G,G,0.054263566,0.302325581,0.635658915,0.007751938,0,1.21974326
28S:291,U,G,0.054263566,0.449612403,0.457364341,0.03875969,0,1.444560879
28S:292,G,G,0.263565891,0.031007752,0.658914729,0.046511628,0,1.264857169
28S:293,U,C,0.015503876,0.604651163,0.046511628,0.333333333,0,1.266261887
28S:294,U,G,0.007751938,0.069767442,0.705426357,0.217054264,0,1.155842952
28S:295,G,G,0.046511628,0.11627907,0.813953488,0.023255814,0,0.934763683
28S:296,C,G,0.108527132,0.186046512,0.596899225,0.108527132,0,1.591168329
28S:297,U,U,0.333333333,0.03875969,0.162790698,0.465116279,0,1.650055732
28S:298,U,C,0,0.558139535,0,0.441860465,0,0.99022469
28S:299,G,G,0.124031008,0.007751938,0.472868217,0.395348837,0,1.468059271
28S:300,A,G,0.054263566,0,0.930232558,0.015503876,0,0.418371783
28S:301,U,A,0.550387597,0.015503876,0.302325581,0.124031008,0.007751938,1.473704287
28S:302,A,A,0.728682171,0.023255814,0.007751938,0.23255814,0.007751938,1.020098539
28S:303,G,A,0.775193798,0.007751938,0.062015504,0.15503876,0,1.004838256
28S:304,U,U,0,0.100775194,0.023255814,0.875968992,0,0.62718984
28S:305,G,C,0,0.589147287,0.294573643,0.11627907,0,1.33008698
28S:306,C,C,0.023255814,0.720930233,0.11627907,0.139534884,0,1.223950776
28S:307,A,C,0.209302326,0.356589147,0.085271318,0.348837209,0,1.835622994
28S:308,G,G,0.015503876,0.015503876,0.92248062,0.046511628,0,0.499652923
28S:309,C,U,0.046511628,0.348837209,0.03875969,0.565891473,0,1.382467584
28S:310,A,G,0.03875969,0.410852713,0.449612403,0.100775194,0,1.561164941
28S:311,C,U,0.007751938,0.162790698,0.294573643,0.534883721,0,1.482947419
28S:312,U,G,0.108527132,0.031007752,0.80620155,0.054263566,0,0.981768464
28S:313,A,A,1,0,0,0,0,0
28S:314,A,A,1,0,0,0,0,0
28S:315,G,C,0.279069767,0.387596899,0.069767442,0.085271318,0.178294574,1.789941964
28S:316,U,U,0.093023256,0.209302326,0.015503876,0.666666667,0.015503876,1.298546973
28S:317,G,G,0.03875969,0.03875969,0.906976744,0.007751938,0.007751938,0.566009695
28S:318,G,G,0,0.131782946,0.829457364,0.03875969,0,0.79081271
28S:319,G,G,0,0.15503876,0.84496124,0,0,0.622307462
28S:320,U,G,0.302325581,0.03875969,0.465116279,0.19379845,0,1.675954639
28S:321,G,G,0.054263566,0.015503876,0.92248062,0.007751938,0,0.483050525
28S:322,G,G,0.108527132,0.023255814,0.813953488,0.054263566,0,0.943745703
28S:323,U,A,0.503875969,0.302325581,0,0.19379845,0,1.478816409
28S:324,A,C,0.465116279,0.519379845,0.007751938,0.007751938,0,1.113231817
28S:325,A,C,0.162790698,0.674418605,0,0.162790698,0,1.235929458
28S:326,A,A,0.674418605,0.217054264,0.054263566,0.054263566,0,1.317855233
28S:327,C,-,0.023255814,0.11627907,0.007751938,0.069767442,0.782945736,1.979475289
28S:328,U,-,0.124031008,0.023255814,0.131782946,0.19379845,0.527131783,1.954214572
28S:329,C,U,0.170542636,0.348837209,0.093023256,0.379844961,0.007751938,1.820379636
28S:330,C,C,0.007751938,0.914728682,0.015503876,0.054263566,0.007751938,0.515190823
28S:331,A,C,0.19379845,0.457364341,0.03875969,0.310077519,0,1.680536489
28S:332,U,U,0,0.240310078,0.15503876,0.604651163,0,1.350141824
28S:333,C,C,0.03875969,0.821705426,0.131782946,0.007751938,0,0.854203403
28S:334,U,C,0,0.612403101,0.03875969,0.348837209,0,1.145012458
28S:335,A,A,1,0,0,0,0,0
28S:336,A,A,1,0,0,0,0,0
28S:337,A,G,0.147286822,0.069767442,0.76744186,0.015503876,0,1.061256301
28S:338,A,G,0.100775194,0.209302326,0.674418605,0.015503876,0,1.282360875
28S:339,C,C,0,0.976744186,0,0.023255814,0,0.159350063
28S:340,U,U,0,0,0,1,0,0
28S:341,A,A,0.992248062,0,0.007751938,0,0,0.065490821
28S:342,A,A,0.992248062,0.007751938,0,0,0,0.065490821
28S:343,A,A,0.914728682,0,0.085271318,0,0,0.420485956
28S:344,U,U,0,0.062015504,0,0.937984496,0,0.335394296
28S:345,A,A,1,0,0,0,0,0
28S:346,U,C,0,0.860465116,0,0.139534884,0,0.583019417
28S:347,A,U,0.069767442,0.062015504,0.19379845,0.674418605,0,1.358810093
28S:348,A,C,0.124031008,0.519379845,0.162790698,0.19379845,0,1.749498214
28S:349,C,C,0.007751938,0.558139535,0,0.434108527,0,1.046525893
28S:350,C,G,0.147286822,0.279069767,0.302325581,0.271317829,0,1.953215512
28S:351,A,-,0.007751938,0,0.015503876,0,0.976744186,1.999525108
28S:352,U,A,0.356589147,0.325581395,0.15503876,0.162790698,0,1.900851988
28S:353,G,G,0.170542636,0.139534884,0.620155039,0.069767442,0,1.527120912
28S:354,A,A,0.503875969,0.108527132,0.007751938,0.379844961,0,1.430780286
28S:355,G,G,0.069767442,0.007751938,0.88372093,0.03875969,0,0.661704565
28S:356,A,A,0.914728682,0,0,0.085271318,0,0.420485956
28S:357,C,C,0,0.96124031,0.023255814,0.015503876,0,0.274209969
28S:358,C,C,0,1,0,0,0,0
28S:359,G,G,0,0,0.992248062,0.007751938,0,0.065490821
28S:360,A,A,1,0,0,0,0,0
28S:361,U,U,0,0,0,1,0,0
28S:362,A,A,1,0,0,0,0,0
28S:363,G,G,0,0,1,0,0,0
28S:364,U,C,0.007751938,0.589147287,0,0.403100775,0,1.032426043
28S:365,A,G,0.03875969,0.046511628,0.914728682,0,0,0.505248222
28S:366,A,A,0.782945736,0.100775194,0.069767442,0.046511628,0,1.083908061
28S:367,A,A,0.992248062,0,0,0.007751938,0,0.065490821
28S:368,C,C,0.162790698,0.503875969,0.031007752,0.286821705,0.015503876,1.61433375
28S:369,A,-,0.457364341,0.015503876,0,0.015503876,0.511627907,1.635399075
28S:370,A,A,0.790697674,0,0.007751938,0,0.201550388,0.883043499
28S:371,G,G,0,0,1,0,0,0
28S:372,U,U,0,0,0,1,0,0
28S:373,A,A,1,0,0,0,0,0
28S:374,C,C,0,0.829457364,0.170542636,0,0,0.658944595
28S:375,C,C,0.023255814,0.860465116,0.054263566,0.062015504,0,0.789626223
28S:376,G,G,0,0,1,0,0,0
28S:377,U,U,0,0.093023256,0,0.906976744,0,0.446481347
28S:378,G,G,0.054263566,0,0.945736434,0,0,0.304239351
28S:379,A,A,1,0,0,0,0,0
28S:380,G,G,0.062015504,0.054263566,0.860465116,0.023255814,0,0.789626223
28S:381,G,G,0,0.162790698,0.821705426,0.007751938,0.007751938,0.741424042
28S:382,G,G,0.007751938,0,0.968992248,0.015503876,0.007751938,0.225488827
28S:383,A,A,0.992248062,0,0,0,0.007751938,0.060754188
28S:384,A,A,0.992248062,0,0,0,0.007751938,0.060754188
28S:385,A,A,0.852713178,0.085271318,0.023255814,0.031007752,0.007751938,0.796595587
28S:386,G,G,0.023255814,0,0.976744186,0,0,0.159350063
28S:387,U,G,0.093023256,0.263565891,0.542635659,0.100775194,0,1.637980634
28S:388,U,U,0,0.139534884,0.007751938,0.852713178,0,0.646822461
28S:389,G,G,0.007751938,0,0.976744186,0.015503876,0,0.18070578
28S:390,A,A,0.945736434,0.03875969,0.015503876,0,0,0.351075351
28S:391,A,A,0.992248062,0,0.007751938,0,0,0.065490821
28S:392,A,A,1,0,0,0,0,0
28S:393,A,A,1,0,0,0,0,0
28S:394,G,G,0,0,1,0,0,0
28S:395,A,A,0.496124031,0.279069767,0.03875969,0.186046512,0,1.648699809
28S:396,A,A,1,0,0,0,0,0
28S:397,C,C,0.03875969,0.953488372,0,0.007751938,0,0.301623189
28S:398,U,C,0,0.782945736,0.007751938,0.209302326,0,0.802999951
28S:399,C,C,0,0.790697674,0.023255814,0.186046512,0,0.845480183
28S:400,U,C,0.007751938,0.736434109,0.007751938,0.248062016,0,0.93265142
28S:401,G,G,0.015503876,0.023255814,0.829457364,0.131782946,0,0.828446454
28S:402,A,G,0.387596899,0.023255814,0.441860465,0.03875969,0.108527132,1.514669101
28S:403,A,A,0.379844961,0.100775194,0.201550388,0.108527132,0.209302326,1.863734924
28S:404,U,G,0.426356589,0.03875969,0.449612403,0.085271318,0,1.527498029
28S:405,A,A,0.899224806,0.015503876,0.07751938,0.007751938,0,0.571342942
28S:406,G,G,0.062015504,0.007751938,0.92248062,0,0.007751938,0.440787471
28S:407,A,G,0.209302326,0.023255814,0.674418605,0,0.093023256,1.183799666
28S:408,G,G,0.015503876,0,0.984496124,0,0,0.115390393
28S:409,A,G,0.062015504,0.046511628,0.682170543,0.031007752,0.178294574,1.275372233
28S:410,G,A,0.720930233,0.007751938,0.23255814,0.03875969,0,1.065815412
28S:411,U,G,0.015503876,0,0.96124031,0.023255814,0,0.274209969
28S:412,U,U,0,0.023255814,0.007751938,0.968992248,0,0.224576689
28S:413,A,G,0.007751938,0.023255814,0.821705426,0.139534884,0.007751938,0.828314198
