resNum,resName,Consensus,A,C,G,U,Gaps,Shannon
23S:1,G,-,0.0300751879699248,0.0526315789473684,0.037593984962406,0.0225563909774436,0.857142857142857,1.99858106605439
23S:2,G,-,0.105263157894737,0.0526315789473684,0.225563909774436,0.0526315789473684,0.56390977443609,1.94583331335397
23S:3,G,-,0.037593984962406,0.0451127819548872,0.037593984962406,0.353383458646617,0.526315789473684,1.81550510223758
23S:4,C,-,0.037593984962406,0.293233082706767,0.037593984962406,0.12781954887218,0.503759398496241,1.88226936865576
23S:5,U,-,0.428571428571429,0,0,0.0225563909774436,0.548872180451128,1.67401901844695
23S:6,A,A,0.421052631578947,0.0225563909774436,0.0601503759398496,0.075187969924812,0.421052631578947,1.74187435193178
23S:7,G,G,0.0676691729323308,0.0150375939849624,0.488721804511278,0.037593984962406,0.390977443609023,1.62647884421273
23S:8,G,-,0.0451127819548872,0.225563909774436,0.135338345864662,0.225563909774436,0.368421052631579,1.93021308593005
23S:9,A,-,0.0827067669172932,0.135338345864662,0.225563909774436,0.240601503759398,0.315789473684211,1.9495298224751
23S:10,C,A,0.353383458646617,0.0827067669172932,0.12781954887218,0.142857142857143,0.293233082706767,1.88550216704187
23S:11,G,A,0.293233082706767,0.240601503759398,0.135338345864662,0.075187969924812,0.255639097744361,1.91244900826354
23S:12,C,U,0.135338345864662,0.240601503759398,0.0526315789473684,0.428571428571429,0.142857142857143,1.77168557614162
23S:13,U,A,0.586466165413534,0.0225563909774436,0.105263157894737,0.225563909774436,0.0601503759398496,1.4811178635807
23S:14,A,A,0.917293233082707,0,0.0601503759398496,0,0.0225563909774436,0.449327407632928
23S:15,A,G,0.0902255639097744,0.225563909774436,0.526315789473684,0.150375939849624,0.0075187969924812,1.70264168308088
23S:16,G,G,0.0902255639097744,0.157894736842105,0.518796992481203,0.233082706766917,0,1.71448176612755
23S:17,C,G,0.0150375939849624,0.390977443609023,0.503759398496241,0.0902255639097744,0,1.43219678803757
23S:18,C,C,0,0.654135338345865,0.0150375939849624,0.330827067669173,0,1.01956006438179
23S:19,G,A,0.421052631578947,0.105263157894737,0.285714285714286,0.18796992481203,0,1.83699300092031
23S:20,C,C,0.24812030075188,0.330827067669173,0.105263157894737,0.315789473684211,0,1.89392681276146
23S:21,C,A,0.406015037593985,0.263157894736842,0.218045112781955,0.112781954887218,0,1.86901447683406
23S:22,C,C,0.0451127819548872,0.601503759398496,0.0075187969924812,0.345864661654135,0,1.22559918306556
23S:23,G,G,0.120300751879699,0.0075187969924812,0.87218045112782,0,0,0.592682469826014
23S:24,G,G,0.120300751879699,0,0.879699248120301,0,0,0.530224749852631
23S:25,U,U,0.0150375939849624,0.0827067669172932,0.0676691729323308,0.834586466165414,0,0.869092706306807
23S:26,G,G,0,0,1,0,0,-0
23S:27,G,G,0.0601503759398496,0,0.93984962406015,0,0,0.328041566457875
23S:28,A,A,1,0,0,0,0,-0
23S:29,U,U,0,0,0,1,0,-0
23S:30,G,G,0.112781954887218,0.142857142857143,0.736842105263158,0.0075187969924812,0,1.13381216172039
23S:31,G,C,0.112781954887218,0.511278195488722,0.270676691729323,0.105263157894737,0,1.70211626181788
23S:32,C,C,0,0.969924812030075,0.0150375939849624,0.0150375939849624,0,0.224843969714725
23S:33,U,U,0,0.0225563909774436,0,0.977443609022556,0,0.155562862599967
23S:34,C,U,0.135338345864662,0.338345864661654,0.0225563909774436,0.503759398496241,0,1.54118542329344
23S:35,G,G,0.0075187969924812,0,0.992481203007519,0,0,0.0638536854612208
23S:36,G,G,0.0150375939849624,0.0150375939849624,0.969924812030075,0,0,0.224843969714725
23S:37,C,C,0.037593984962406,0.842105263157895,0.0150375939849624,0.105263157894737,0,0.819670701262882
23S:38,U,U,0.360902255639098,0,0.112781954887218,0.526315789473684,0,1.3730916824569
23S:39,C,C,0.0676691729323308,0.646616541353383,0.135338345864662,0.150375939849624,0,1.47118239158337
23S:40,G,U,0.157894736842105,0.150375939849624,0.338345864661654,0.353383458646617,0,1.89079902843513
23S:41,G,C,0.263157894736842,0.293233082706767,0.24812030075188,0.18796992481203,0.0075187969924812,1.98241754462938
23S:42,G,-,0.353383458646617,0,0.165413533834586,0.0150375939849624,0.466165413533835,1.77336729044473
23S:43,G,G,0.0977443609022556,0.0977443609022556,0.774436090225564,0.0300751879699248,0,1.09347050338435
23S:44,C,A,0.578947368421053,0.308270676691729,0.0300751879699248,0.0827067669172932,0,1.42929789694586
23S:45,G,G,0.142857142857143,0,0.834586466165414,0.0225563909774436,0,0.742157086460187
23S:46,C,C,0.0225563909774436,0.413533834586466,0.368421052631579,0.195488721804511,0,1.6412832867844
23S:47,C,C,0,0.909774436090226,0,0.0827067669172932,0.0075187969924812,0.457112804268177
23S:48,G,G,0,0,0.962406015037594,0.0300751879699248,0.0075187969924812,0.243382113494283
23S:49,A,A,0.977443609022556,0,0,0.0150375939849624,0.0075187969924812,0.163126350989755
23S:50,C,U,0.180451127819549,0.0977443609022556,0.0451127819548872,0.676691729323308,0,1.3566255180039
23S:51,G,G,0,0,1,0,0,-0
23S:52,A,A,1,0,0,0,0,-0
23S:53,A,A,0.977443609022556,0.0225563909774436,0,0,0,0.155562862599967
23S:54,G,G,0.0300751879699248,0,0.969924812030075,0,0,0.1947687817448
23S:55,G,G,0.210526315789474,0,0.789473684210526,0,0,0.742487569542124
23S:56,G,A,0.766917293233083,0.0526315789473684,0.165413533834586,0.0150375939849624,0,1.03764059380558
23S:57,C,C,0,0.984962406015038,0,0.0150375939849624,0,0.112587599400393
23S:58,G,G,0,0,0.992481203007519,0.0075187969924812,0,0.0638536854612208
23S:59,U,U,0,0.278195488721805,0.0300751879699248,0.691729323308271,0,1.03334653711385
23S:60,G,G,0.285714285714286,0,0.691729323308271,0.0225563909774436,0,1.00758444324356
23S:61,G,G,0.120300751879699,0.218045112781955,0.631578947368421,0.0300751879699248,0,1.41741692894393
23S:62,C,C,0.0526315789473684,0.62406015037594,0.0225563909774436,0.300751879699248,0,1.29278793509626
23S:63,A,A,0.721804511278195,0,0.0676691729323308,0.210526315789474,0,1.07564587234461
23S:64,A,A,0.759398496240602,0.0827067669172932,0.135338345864662,0.0225563909774436,0,1.11282645737287
23S:65,G,G,0.18796992481203,0.203007518796992,0.526315789473684,0.075187969924812,0.0075187969924812,1.69504769991841
23S:66,C,C,0.0601503759398496,0.864661654135338,0.0451127819548872,0.0300751879699248,0,0.779033331268633
23S:67,U,U,0.0300751879699248,0.0300751879699248,0.112781954887218,0.827067669172932,0,0.88571155263021
23S:68,G,G,0.0601503759398496,0.0300751879699248,0.909774436090226,0,0,0.520076031664904
23S:69,C,C,0,0.984962406015038,0,0.0150375939849624,0,0.112587599400393
23S:70,G,G,0.0075187969924812,0,0.992481203007519,0,0,0.0638536854612208
23S:71,A,A,0.954887218045113,0.0150375939849624,0.0075187969924812,0.0225563909774436,0,0.33108812931902
23S:72,U,U,0.308270676691729,0,0.0977443609022556,0.593984962406015,0,1.29765816759768
23S:73,A,A,0.984962406015038,0,0,0.0150375939849624,0,0.112587599400393
23S:74,A,A,0.706766917293233,0.142857142857143,0.0225563909774436,0.12781954887218,0,1.25766040079032
23S:75,G,G,0.0300751879699248,0.0225563909774436,0.827067669172932,0.120300751879699,0,0.869534646103626
23S:76,C,C,0.0075187969924812,0.759398496240602,0.0150375939849624,0.218045112781955,0,0.924750039887424
23S:77,C,C,0.165413533834586,0.413533834586466,0.142857142857143,0.278195488721805,0,1.87075102845175
23S:78,C,U,0.225563909774436,0.323308270676692,0.120300751879699,0.330827067669173,0,1.90677797279076
23S:79,C,C,0.0601503759398496,0.421052631578947,0.195488721804511,0.323308270676692,0,1.75639000874116
23S:80,G,G,0.0601503759398496,0,0.909774436090226,0.0300751879699248,0,0.520076031664904
23S:81,G,G,0.037593984962406,0.0451127819548872,0.75187969924812,0.165413533834586,0,1.11834611921355
23S:82,C,G,0.0225563909774436,0.105263157894737,0.796992481203007,0.075187969924812,0,1.00688615321891
23S:83,G,G,0.300751879699248,0.0075187969924812,0.586466165413534,0.105263157894737,0,1.36775261763986
23S:84,A,A,0.969924812030075,0.0075187969924812,0.0075187969924812,0.0150375939849624,0,0.239881563699687
23S:85,G,G,0.0150375939849624,0.0526315789473684,0.729323308270677,0.203007518796992,0,1.11374113696759
23S:86,G,C,0.0451127819548872,0.413533834586466,0.225563909774436,0.0902255639097744,0.225563909774436,1.76807534353129
23S:87,C,U,0.0300751879699248,0.360902255639098,0.0150375939849624,0.368421052631579,0.225563909774436,1.62816615105564
23S:88,G,G,0.0150375939849624,0.0075187969924812,0.759398496240602,0.218045112781955,0,0.924750039887424
23S:89,C,C,0.075187969924812,0.406015037593985,0.18796992481203,0.105263157894737,0.225563909774436,1.82130693907698
23S:90,A,A,0.458646616541353,0.120300751879699,0.0827067669172932,0.112781954887218,0.225563909774436,1.76438305483372
23S:91,G,A,0.496240601503759,0.075187969924812,0.0827067669172932,0.120300751879699,0.225563909774436,1.69553735715104
23S:92,G,G,0.293233082706767,0.0075187969924812,0.631578947368421,0.0601503759398496,0.0075187969924812,1.24891793315619
23S:93,C,C,0.0827067669172932,0.56390977443609,0.225563909774436,0.12781954887218,0,1.62739720421012
23S:94,A,A,0.819548872180451,0.0902255639097744,0.075187969924812,0.0150375939849624,0,0.920162718522148
23S:95,G,G,0.315789473684211,0.0300751879699248,0.383458646616541,0.0451127819548872,0.225563909774436,1.69226414555057
23S:96,C,G,0.112781954887218,0.218045112781955,0.390977443609023,0.0526315789473684,0.225563909774436,1.81334504893945
23S:97,C,C,0.0451127819548872,0.616541353383459,0.323308270676692,0.0150375939849624,0,1.24958000065006
23S:98,G,G,0.18796992481203,0.135338345864662,0.353383458646617,0.323308270676692,0,1.90077029075405
23S:99,U,U,0.300751879699248,0.0300751879699248,0.0526315789473684,0.609022556390977,0.0075187969924812,1.34373712608568
23S:100,C,U,0.225563909774436,0.0601503759398496,0.12781954887218,0.578947368421053,0.0075187969924812,1.57216641898014
23S:101,G,G,0.0150375939849624,0.0075187969924812,0.729323308270677,0.24812030075188,0,0.975157987147954
23S:102,A,A,0.789473684210526,0.0150375939849624,0.0902255639097744,0.105263157894737,0,1.01529523044553
23S:103,A,U,0.308270676691729,0.0601503759398496,0.18796992481203,0.443609022556391,0,1.7407562938015
23S:104,C,C,0.218045112781955,0.744360902255639,0.0075187969924812,0.0300751879699248,0,1.0012391704893
23S:105,C,C,0.0300751879699248,0.902255639097744,0,0.0676691729323308,0,0.548844867937257
23S:106,G,G,0.300751879699248,0.180451127819549,0.458646616541353,0.0601503759398496,0,1.72677716178586
23S:107,G,G,0.105263157894737,0.0676691729323308,0.518796992481203,0.308270676691729,0,1.61934173152508
23S:108,G,G,0.315789473684211,0.105263157894737,0.556390977443609,0.0150375939849624,0.0075187969924812,1.43985863958035
23S:109,G,G,0.218045112781955,0.0075187969924812,0.766917293233083,0.0075187969924812,0,0.878825038961399
23S:110,A,A,0.796992481203007,0.0902255639097744,0.105263157894737,0.0075187969924812,0,0.968950953537585
23S:111,U,U,0.12781954887218,0.0075187969924812,0,0.864661654135338,0,0.613792028284205
23S:112,U,C,0.0902255639097744,0.398496240601504,0.18796992481203,0.323308270676692,0,1.82201083176388
23S:113,C,U,0.0075187969924812,0.165413533834586,0.0601503759398496,0.766917293233083,0,1.01998258218455
23S:114,C,C,0,0.789473684210526,0,0.210526315789474,0,0.742487569542124
23S:115,C,C,0,0.849624060150376,0,0.150375939849624,0,0.610780295270637
23S:116,G,G,0.0075187969924812,0.0150375939849624,0.917293233082707,0.0601503759398496,0,0.502275253676587
23S:117,A,A,1,0,0,0,0,-0
23S:118,A,A,0.992481203007519,0,0,0,0.0075187969924812,0.0591761394329201
23S:119,U,U,0,0.218045112781955,0,0.774436090225564,0.0075187969924812,0.798136130261548
23S:120,G,G,0.0225563909774436,0.0075187969924812,0.962406015037594,0,0.0075187969924812,0.261749616296886
23S:121,G,G,0.0300751879699248,0.218045112781955,0.736842105263158,0.0075187969924812,0.0075187969924812,1.02529242919558
23S:122,G,G,0.218045112781955,0,0.759398496240602,0,0.0225563909774436,0.863122139571989
23S:123,A,G,0.345864661654135,0.0676691729323308,0.503759398496241,0.0225563909774436,0.0601503759398496,1.49716382022483
23S:124,C,A,0.446969696969697,0.386363636363636,0.0984848484848485,0.0606060606060606,0.00757575757575758,1.63775725131628
23S:125,C,A,0.541353383458647,0.120300751879699,0,0.315789473684211,0.0225563909774436,1.42100730750376
23S:126,U,C,0.0225563909774436,0.548872180451128,0.0526315789473684,0.368421052631579,0.0075187969924812,1.36431414231856
23S:127,C,C,0.0150375939849624,0.759398496240602,0.203007518796992,0.0150375939849624,0.0075187969924812,0.967292076432954
23S:128,C,C,0,0.87218045112782,0.0075187969924812,0.112781954887218,0.0075187969924812,0.608308696114666
23S:129,C,-,0.0300751879699248,0.075187969924812,0.0075187969924812,0.150375939849624,0.736842105263158,1.96657233729954
23S:130,G,G,0.398496240601504,0.0827067669172932,0.488721804511278,0.0300751879699248,0,1.48319642239059
23S:131,C,C,0.157894736842105,0.466165413533835,0.293233082706767,0.0827067669172932,0,1.7501450560803
23S:132,G,C,0.0300751879699248,0.571428571428571,0.0451127819548872,0.225563909774436,0.12781954887218,1.47757773839589
23S:133,G,C,0.180451127819549,0.300751879699248,0.203007518796992,0.18796992481203,0.12781954887218,1.97445139623122
23S:134,C,C,0.112781954887218,0.278195488721805,0.240601503759398,0.180451127819549,0.18796992481203,1.95274163739017
23S:135,U,-,0.0676691729323308,0.0300751879699248,0.135338345864662,0.255639097744361,0.511278195488722,1.91792381457155
23S:136,U,U,0.308270676691729,0.105263157894737,0.0601503759398496,0.428571428571429,0.0977443609022556,1.72935369631202
23S:137,A,A,0.406015037593985,0.203007518796992,0.0526315789473684,0.240601503759398,0.0977443609022556,1.80209354064781
23S:138,U,U,0.278195488721805,0.172932330827068,0.105263157894737,0.368421052631579,0.075187969924812,1.88059472202285
23S:139,G,G,0.157894736842105,0.225563909774436,0.330827067669173,0.105263157894737,0.180451127819549,1.91896187913412
23S:140,C,G,0.157894736842105,0.195488721804511,0.330827067669173,0.18796992481203,0.12781954887218,1.95220218765879
23S:141,C,G,0.210526315789474,0.037593984962406,0.593984962406015,0.037593984962406,0.120300751879699,1.44485444431505
23S:142,G,G,0.0902255639097744,0.150375939849624,0.481203007518797,0.278195488721805,0,1.74544870290967
23S:143,C,U,0.037593984962406,0.43609022556391,0.075187969924812,0.451127819548872,0,1.49885194770254
23S:144,A,A,0.766917293233083,0,0.195488721804511,0.0300751879699248,0.0075187969924812,0.929438311197855
23S:145,C,U,0.12781954887218,0.406015037593985,0.0150375939849624,0.451127819548872,0,1.51645364486514
23S:146,U,C,0.0676691729323308,0.368421052631579,0.210526315789474,0.345864661654135,0.0075187969924812,1.80287684168613
23S:147,C,C,0.12781954887218,0.571428571428571,0.120300751879699,0.172932330827068,0.0075187969924812,1.6527508157739
23S:148,C,C,0.157894736842105,0.488721804511278,0.12781954887218,0.203007518796992,0.0225563909774436,1.78914712540268
23S:149,G,U,0.135338345864662,0.225563909774436,0.112781954887218,0.353383458646617,0.172932330827068,1.90062437991893
23S:150,G,G,0.24812030075188,0.0977443609022556,0.278195488721805,0.112781954887218,0.263157894736842,1.9253500028331
23S:151,G,-,0.18796992481203,0.150375939849624,0.165413533834586,0.225563909774436,0.270676691729323,1.99087673911899
23S:152,G,C,0.075187969924812,0.398496240601504,0.0902255639097744,0.150375939849624,0.285714285714286,1.82498526827214
23S:153,U,A,0.421052631578947,0.0526315789473684,0.18796992481203,0.112781954887218,0.225563909774436,1.78824596459724
23S:154,U,U,0.0526315789473684,0.075187969924812,0.037593984962406,0.609022556390977,0.225563909774436,1.44524882061084
23S:155,U,A,0.473684210526316,0.142857142857143,0.0300751879699248,0.12781954887218,0.225563909774436,1.70408231470782
23S:156,A,C,0.225563909774436,0.323308270676692,0.0676691729323308,0.157894736842105,0.225563909774436,1.89520537425554
23S:157,U,-,0.406015037593985,0.0451127819548872,0.0075187969924812,0.037593984962406,0.503759398496241,1.73514009602154
23S:158,C,G,0.112781954887218,0.0827067669172932,0.458646616541353,0.0601503759398496,0.285714285714286,1.73580100380085
23S:159,C,-,0.165413533834586,0.135338345864662,0.195488721804511,0.225563909774436,0.278195488721805,1.98688520759205
23S:160,C,-,0.105263157894737,0.24812030075188,0.142857142857143,0.240601503759398,0.263157894736842,1.95507420353545
23S:161,C,A,0.338345864661654,0.0827067669172932,0.218045112781955,0.172932330827068,0.18796992481203,1.90060006558428
23S:162,G,G,0.195488721804511,0.105263157894737,0.481203007518797,0.203007518796992,0.0150375939849624,1.7887999800726
23S:163,G,G,0.203007518796992,0.0827067669172932,0.541353383458647,0.165413533834586,0.0075187969924812,1.67979507021129
23S:164,A,G,0.338345864661654,0.180451127819549,0.37593984962406,0.105263157894737,0,1.84725034715769
23S:165,G,G,0.421052631578947,0.0075187969924812,0.43609022556391,0.135338345864662,0,1.4911213574667
23S:166,G,A,0.360902255639098,0.142857142857143,0.338345864661654,0.12781954887218,0.0300751879699248,1.86203548614798
23S:167,G,G,0.0225563909774436,0.0150375939849624,0.954887218045113,0,0.0075187969924812,0.308440967453551
23S:168,G,G,0.172932330827068,0.368421052631579,0.451127819548872,0,0.0075187969924812,1.5051089244159
23S:169,G,G,0.157894736842105,0.135338345864662,0.586466165413534,0.112781954887218,0.0075187969924812,1.62444352751023
23S:170,A,A,0.714285714285714,0.0526315789473684,0.0977443609022556,0.135338345864662,0,1.28872503995503
23S:171,A,A,1,0,0,0,0,-0
23S:172,C,C,0,0.977443609022556,0.0075187969924812,0.0150375939849624,0,0.17627630246586
23S:173,G,C,0,0.639097744360902,0.300751879699248,0.0601503759398496,0,1.17802413950721
23S:174,C,C,0.0451127819548872,0.729323308270677,0.120300751879699,0.105263157894737,0,1.24322010764191
23S:175,G,G,0.150375939849624,0.18796992481203,0.62406015037594,0.037593984962406,0,1.46676454137828
23S:176,G,G,0.0075187969924812,0.406015037593985,0.56390977443609,0.0225563909774436,0,1.17046879334945
23S:177,G,G,0.037593984962406,0.263157894736842,0.37593984962406,0.323308270676692,0,1.74207386400918
23S:178,G,G,0.0150375939849624,0.0075187969924812,0.969924812030075,0.0075187969924812,0,0.239881563699687
23S:179,A,A,0.977443609022556,0,0.0225563909774436,0,0,0.155562862599967
23S:180,A,A,0.984962406015038,0,0.0150375939849624,0,0,0.112587599400393
23S:181,U,C,0.0300751879699248,0.593984962406015,0.0977443609022556,0.278195488721805,0,1.43983754850798
23S:182,U,U,0.0075187969924812,0.0075187969924812,0.0827067669172932,0.902255639097744,0,0.537383042433276
23S:183,G,G,0,0,0.774436090225564,0.225563909774436,0,0.770197682357377
23S:184,A,A,1,0,0,0,0,-0
23S:185,A,A,1,0,0,0,0,-0
23S:186,A,A,0.727272727272727,0.0151515151515152,0.257575757575758,0,0,0.958262031219715
23S:187,C,C,0,0.984962406015038,0,0.0150375939849624,0,0.112587599400393
23S:188,A,A,0.992481203007519,0,0.0075187969924812,0,0,0.0638536854612208
23S:189,U,U,0,0,0,1,0,-0
23S:190,C,C,0.225563909774436,0.774436090225564,0,0,0,0.770197682357377
23S:191,U,U,0,0.0150375939849624,0,0.984962406015038,0,0.112587599400393
23S:192,U,U,0.270676691729323,0.308270676691729,0.0225563909774436,0.398496240601504,0,1.68602225628858
23S:193,A,A,0.992481203007519,0,0,0.0075187969924812,0,0.0638536854612208
23S:194,G,G,0.0827067669172932,0.0451127819548872,0.834586466165414,0.037593984962406,0,0.894731123857312
23S:195,U,U,0,0,0,1,0,-0
23S:196,A,A,0.909774436090226,0.0601503759398496,0.0075187969924812,0.0225563909774436,0,0.544475373753901
23S:197,C,C,0.293233082706767,0.406015037593985,0.293233082706767,0.0075187969924812,0,1.61900199799681
23S:198,C,C,0.0150375939849624,0.56390977443609,0.413533834586466,0.0075187969924812,0,1.13696524729783
23S:199,C,C,0.037593984962406,0.593984962406015,0.180451127819549,0.18796992481203,0,1.52337398180116
23S:200,G,G,0.105263157894737,0.112781954887218,0.729323308270677,0.0526315789473684,0,1.25265568370052
23S:201,C,G,0.0526315789473684,0.225563909774436,0.646616541353383,0.075187969924812,0,1.39561136650936
23S:202,A,A,0.969924812030075,0,0.0150375939849624,0.0075187969924812,0.0075187969924812,0.219967494448109
23S:203,G,G,0.0150375939849624,0,0.984962406015038,0,0,0.112587599400393
23S:204,G,G,0,0,1,0,0,-0
23S:205,A,A,1,0,0,0,0,-0
23S:206,A,A,0.87218045112782,0,0.12781954887218,0,0,0.551427820944392
23S:207,A,A,0.774436090225564,0.037593984962406,0.18796992481203,0,0,0.916819281225427
23S:208,A,A,0.917293233082707,0,0.0827067669172932,0,0,0.411645570932149
23S:209,G,G,0,0,0.977443609022556,0.0225563909774436,0,0.155562862599967
23S:210,A,A,1,0,0,0,0,-0
23S:211,A,A,0.909774436090226,0.075187969924812,0.0075187969924812,0,0.0075187969924812,0.486932572446856
23S:212,A,A,0.977443609022556,0.0075187969924812,0.0075187969924812,0,0.0075187969924812,0.173107636824542
23S:213,G,U,0.12781954887218,0.240601503759398,0.210526315789474,0.406015037593985,0.0150375939849624,1.88541162479443
23S:214,C,C,0.0676691729323308,0.706766917293233,0,0.210526315789474,0.0150375939849624,1.12878178985983
23S:215,A,A,0.924812030075188,0,0.0526315789473684,0.0075187969924812,0.0150375939849624,0.436466824081239
23S:216,A,A,0.954887218045113,0.0300751879699248,0,0,0.0150375939849624,0.284269460268146
23S:217,A,C,0.278195488721805,0.526315789473684,0.0225563909774436,0.142857142857143,0.0300751879699248,1.562862488934
23S:218,A,C,0.308270676691729,0.481203007518797,0.0075187969924812,0.18796992481203,0.0150375939849624,1.56045097424516
23S:219,G,G,0.218045112781955,0,0.699248120300752,0.0676691729323308,0.0150375939849624,1.14153872622764
23S:220,C,A,0.406015037593985,0.210526315789474,0.240601503759398,0.135338345864662,0.0075187969924812,1.89129305779215
23S:221,G,G,0,0,0.984962406015038,0.0150375939849624,0,0.112587599400393
23S:222,A,A,1,0,0,0,0,-0
23S:223,U,U,0,0.0827067669172932,0,0.917293233082707,0,0.411645570932149
23S:224,G,U,0.0451127819548872,0.0676691729323308,0.150375939849624,0.736842105263158,0,1.20025065626551
23S:225,C,C,0.0075187969924812,0.827067669172932,0.0526315789473684,0.112781954887218,0,0.858256782296351
23S:226,C,C,0,0.924812030075188,0,0.075187969924812,0,0.384992472301189
23S:227,G,C,0,0.593984962406015,0.398496240601504,0.0075187969924812,0,1.02837669717156
23S:228,U,U,0.0451127819548872,0.203007518796992,0.0451127819548872,0.706766917293233,0,1.22420826539017
23S:229,G,U,0.142857142857143,0.218045112781955,0.233082706766917,0.406015037593985,0,1.8978682824715
23S:230,A,A,1,0,0,0,0,-0
23S:231,G,G,0,0,1,0,0,-0
23S:232,U,U,0,0,0,1,0,-0
23S:233,A,A,1,0,0,0,0,-0
23S:234,G,G,0.285714285714286,0,0.714285714285714,0,0,0.863120568566631
23S:235,G,C,0.0526315789473684,0.518796992481203,0.120300751879699,0.308270676691729,0,1.6056636072197
23S:236,G,G,0.0075187969924812,0.0300751879699248,0.947368421052632,0.0150375939849624,0,0.370039801208036
23S:237,G,G,0.0150375939849624,0,0.977443609022556,0.0075187969924812,0,0.176276302465858
23S:238,C,C,0,0.984962406015038,0,0.0150375939849624,0,0.112587599400393
23S:239,G,G,0,0,1,0,0,-0
23S:240,A,A,1,0,0,0,0,-0
23S:241,C,G,0.0451127819548872,0.120300751879699,0.781954887218045,0.0526315789473684,0,1.07026747200191
23S:242,C,C,0,0.744360902255639,0,0.255639097744361,0,0.820094149859138
23S:243,G,G,0.0075187969924812,0,0.992481203007519,0,0,0.0638536854612208
23S:244,A,A,1,0,0,0,0,-0
23S:245,A,A,1,0,0,0,0,-0
23S:246,A,C,0.428571428571429,0.443609022556391,0.120300751879699,0.0075187969924812,0,1.46467588873624
23S:247,A,G,0.233082706766917,0.240601503759398,0.473684210526316,0.0526315789473684,0,1.71843878695314
23S:248,C,G,0.0075187969924812,0.368421052631579,0.593984962406015,0.0225563909774436,0.0075187969924812,1.1699383794911
23S:249,G,G,0.0075187969924812,0,0.984962406015038,0,0.0075187969924812,0.116183211694768
23S:250,G,G,0.112781954887218,0.0526315789473684,0.819548872180451,0.0075187969924812,0.0075187969924812,0.88346483193684
23S:251,C,A,0.729323308270677,0.142857142857143,0.075187969924812,0.0526315789473684,0,1.23744082760001
23S:252,A,A,0.616541353383459,0.112781954887218,0.150375939849624,0.120300751879699,0,1.56384495271504
23S:253,G,G,0.112781954887218,0.323308270676692,0.443609022556391,0.120300751879699,0,1.769502861827
23S:254,A,A,0.992481203007519,0,0,0.0075187969924812,0,0.0638536854612208
23S:255,G,G,0.0225563909774436,0,0.977443609022556,0,0,0.155562862599967
23S:256,G,C,0.0075187969924812,0.691729323308271,0.210526315789474,0.0902255639097744,0,1.20721335442215
23S:257,G,C,0.0150375939849624,0.75187969924812,0.0676691729323308,0.165413533834586,0,1.09270770166304
23S:258,C,C,0.0075187969924812,0.827067669172932,0.0075187969924812,0.157894736842105,0,0.753115259816479
23S:259,A,A,0.887218045112782,0,0.0676691729323308,0.0451127819548872,0,0.61775627127559
23S:260,A,A,0.601503759398496,0.0150375939849624,0.120300751879699,0.0225563909774436,0.240601503759398,1.41812370458936
23S:261,A,A,0.578947368421053,0.12781954887218,0.0225563909774436,0.0300751879699248,0.240601503759398,1.47657617888663
23S:262,C,C,0.037593984962406,0.541353383458647,0.12781954887218,0.0451127819548872,0.24812030075188,1.57160247305113
23S:263,U,C,0,0.571428571428571,0.0075187969924812,0.172932330827068,0.24812030075188,1.4244673465761
23S:264,G,G,0.18796992481203,0.0977443609022556,0.368421052631579,0.0977443609022556,0.24812030075188,1.86895406982587
23S:265,A,A,0.421052631578947,0.0451127819548872,0.218045112781955,0.0676691729323308,0.24812030075188,1.74877014787568
23S:266,A,A,0.473684210526316,0.0676691729323308,0.0827067669172932,0.112781954887218,0.263157894736842,1.72051684276024
23S:267,C,-,0.225563909774436,0.112781954887218,0.0827067669172932,0.18796992481203,0.390977443609023,1.96208192574204
23S:268,C,-,0.120300751879699,0.240601503759398,0.0300751879699248,0.112781954887218,0.496240601503759,1.93545641704692
23S:269,C,-,0.0451127819548872,0.368421052631579,0.0451127819548872,0.150375939849624,0.390977443609023,1.81433188893223
23S:270,C,C,0.075187969924812,0.421052631578947,0.135338345864662,0.120300751879699,0.24812030075188,1.81000042988434
23S:271,G,G,0.0902255639097744,0.233082706766917,0.270676691729323,0.157894736842105,0.24812030075188,1.94178213030271
23S:272,G,-,0.0676691729323308,0.120300751879699,0.240601503759398,0.195488721804511,0.37593984962406,1.94743674283541
23S:273,G,-,0.0451127819548872,0.180451127819549,0.210526315789474,0.18796992481203,0.37593984962406,1.9451462725412
23S:274,C,-,0.0902255639097744,0.165413533834586,0.105263157894737,0.24812030075188,0.390977443609023,1.95688301539233
23S:275,C,-,0.075187969924812,0.18796992481203,0.180451127819549,0.157894736842105,0.398496240601504,1.97519105527661
23S:276,G,-,0.0977443609022556,0.112781954887218,0.300751879699248,0.0902255639097744,0.398496240601504,1.92060478329462
23S:277,A,-,0.18796992481203,0.12781954887218,0.037593984962406,0.0676691729323308,0.578947368421053,1.96181482485848
23S:278,C,-,0.037593984962406,0.0902255639097744,0.0902255639097744,0.135338345864662,0.646616541353383,1.98598012452682
23S:279,G,-,0.195488721804511,0.0526315789473684,0.150375939849624,0.037593984962406,0.56390977443609,1.94955284144269
23S:280,A,-,0.165413533834586,0.0300751879699248,0.218045112781955,0.0225563909774436,0.56390977443609,1.91641590976545
23S:281,G,-,0.0225563909774436,0.105263157894737,0.263157894736842,0.0526315789473684,0.556390977443609,1.90710968255191
23S:282,G,-,0.037593984962406,0.233082706766917,0.0977443609022556,0.075187969924812,0.556390977443609,1.94093902420564
23S:283,U,-,0.0676691729323308,0.075187969924812,0.278195488721805,0.0902255639097744,0.488721804511278,1.92060478329462
23S:284,U,-,0.0902255639097744,0.180451127819549,0.0526315789473684,0.18796992481203,0.488721804511278,1.96027721949936
23S:285,C,-,0.0902255639097744,0.0676691729323308,0.150375939849624,0.0902255639097744,0.601503759398496,1.98942850577041
23S:286,G,G,0.0451127819548872,0.075187969924812,0.406015037593985,0.105263157894737,0.368421052631579,1.78760741085158
23S:287,G,-,0.0526315789473684,0.0827067669172932,0.323308270676692,0.037593984962406,0.503759398496241,1.86137323399266
23S:288,G,G,0.0225563909774436,0.195488721804511,0.473684210526316,0.0676691729323308,0.240601503759398,1.66320425359435
23S:289,G,A,0.398496240601504,0.135338345864662,0.165413533834586,0.0601503759398496,0.240601503759398,1.82826643451427
23S:290,G,G,0.210526315789474,0.0902255639097744,0.330827067669173,0.12781954887218,0.240601503759398,1.90434159311491
23S:291,A,A,0.37593984962406,0.0225563909774436,0.0977443609022556,0.142857142857143,0.360902255639098,1.81137250659536
23S:292,U,U,0.037593984962406,0.0451127819548872,0.0977443609022556,0.578947368421053,0.240601503759398,1.50306002426285
23S:293,G,G,0.0150375939849624,0.0601503759398496,0.556390977443609,0.12781954887218,0.240601503759398,1.53171138232882
23S:294,U,U,0.0451127819548872,0.120300751879699,0,0.593984962406015,0.240601503759398,1.43213842749402
23S:295,G,G,0.105263157894737,0.0150375939849624,0.631578947368421,0.0075187969924812,0.240601503759398,1.34081776234991
23S:296,G,G,0.0451127819548872,0,0.714285714285714,0,0.240601503759398,1.1153386519773
23S:297,G,G,0.0225563909774436,0.12781954887218,0.315789473684211,0.285714285714286,0.24812030075188,1.81697471141238
23S:298,G,G,0.037593984962406,0.0526315789473684,0.62406015037594,0.0300751879699248,0.255639097744361,1.38824663350587
23S:299,U,U,0,0.037593984962406,0,0.714285714285714,0.24812030075188,1.1126528148889
23S:300,U,U,0.195488721804511,0.0601503759398496,0.0601503759398496,0.43609022556391,0.24812030075188,1.74598153951681
23S:301,G,-,0.0676691729323308,0,0.37593984962406,0.0451127819548872,0.511278195488722,1.77582227217107
23S:302,U,-,0.0300751879699248,0.0977443609022556,0.0451127819548872,0.105263157894737,0.721804511278195,1.98773600147866
23S:303,A,-,0.157894736842105,0.0827067669172932,0.165413533834586,0.0827067669172932,0.511278195488722,1.98187034766879
23S:304,G,-,0.135338345864662,0.0225563909774436,0.315789473684211,0.0225563909774436,0.503759398496241,1.84379437203629
23S:305,G,A,0.338345864661654,0.0676691729323308,0.330827067669173,0.0300751879699248,0.233082706766917,1.74476104300289
23S:306,G,G,0.165413533834586,0.157894736842105,0.406015037593985,0.0676691729323308,0.203007518796992,1.83026440809487
23S:307,C,G,0.0526315789473684,0.180451127819549,0.421052631578947,0.142857142857143,0.203007518796992,1.79687819726416
23S:308,C,A,0.360902255639098,0.210526315789474,0.225563909774436,0.203007518796992,0,1.95548680934406
23S:309,C,C,0.203007518796992,0.390977443609023,0.157894736842105,0.24812030075188,0,1.91612078347913
23S:310,C,C,0.24812030075188,0.398496240601504,0.180451127819549,0.165413533834586,0.0075187969924812,1.9079562436254
23S:311,C,-,0.0451127819548872,0.180451127819549,0.105263157894737,0.120300751879699,0.548872180451128,1.97291611644286
23S:312,G,C,0.135338345864662,0.345864661654135,0.315789473684211,0.203007518796992,0,1.91241180151844
23S:313,U,-,0.075187969924812,0.0977443609022556,0.0526315789473684,0.105263157894737,0.669172932330827,1.99504832482214
23S:314,A,-,0.0300751879699248,0.037593984962406,0.0225563909774436,0.0977443609022556,0.81203007518797,1.99014012508207
23S:315,U,-,0.0225563909774436,0.0150375939849624,0.037593984962406,0.0300751879699248,0.894736842105263,1.99918415893747
23S:316,G,-,0.037593984962406,0,0.0977443609022556,0.0150375939849624,0.849624060150376,1.98449596231442
23S:317,A,-,0.120300751879699,0.233082706766917,0.0526315789473684,0.142857142857143,0.451127819548872,1.95193530908654
23S:318,G,-,0.150375939849624,0.225563909774436,0.0676691729323308,0.120300751879699,0.43609022556391,1.96254139605048
23S:319,A,-,0.0977443609022556,0.203007518796992,0.180451127819549,0.105263157894737,0.413533834586466,1.97566038007349
23S:320,C,G,0.142857142857143,0.165413533834586,0.323308270676692,0.240601503759398,0.12781954887218,1.94346253885093
23S:321,C,G,0.210526315789474,0.218045112781955,0.368421052631579,0.0827067669172932,0.120300751879699,1.87747680418686
23S:322,C,C,0.135338345864662,0.315789473684211,0.308270676691729,0.225563909774436,0.0150375939849624,1.93328523815868
23S:323,U,G,0.218045112781955,0.203007518796992,0.308270676691729,0.263157894736842,0.0075187969924812,1.9806871918344
23S:324,C,A,0.345864661654135,0.233082706766917,0.233082706766917,0.180451127819549,0.0075187969924812,1.95952456510046
23S:325,G,G,0.210526315789474,0.255639097744361,0.338345864661654,0.18796992481203,0.0075187969924812,1.96306047415063
23S:326,C,G,0.24812030075188,0.165413533834586,0.390977443609023,0.18796992481203,0.0075187969924812,1.91616540986115
23S:327,G,-,0.0827067669172932,0.150375939849624,0.0902255639097744,0.0451127819548872,0.631578947368421,1.98380423485018
23S:328,G,U,0.225563909774436,0.210526315789474,0.255639097744361,0.285714285714286,0.0225563909774436,1.99044647320532
23S:329,G,G,0.233082706766917,0.165413533834586,0.443609022556391,0.157894736842105,0,1.85977726991686
23S:330,U,G,0.157894736842105,0.225563909774436,0.330827067669173,0.285714285714286,0,1.94940558980565
23S:331,G,G,0.203007518796992,0.135338345864662,0.368421052631579,0.293233082706767,0,1.90722167248128
23S:332,A,U,0.240601503759398,0.120300751879699,0.24812030075188,0.390977443609023,0,1.89071197473303
23S:333,A,U,0.308270676691729,0.0526315789473684,0.240601503759398,0.398496240601504,0,1.770388445008
23S:334,G,G,0.105263157894737,0.180451127819549,0.578947368421053,0.135338345864662,0,1.63465625064718
23S:335,C,C,0.12781954887218,0.541353383458647,0.135338345864662,0.195488721804511,0,1.70948129939042
23S:336,C,C,0.203007518796992,0.413533834586466,0.142857142857143,0.240601503759398,0,1.8893623636388
23S:337,G,G,0.0451127819548872,0,0.744360902255639,0,0.210526315789474,1.03597225934826
23S:338,A,A,0.992481203007519,0,0.0075187969924812,0,0,0.0638536854612208
23S:339,A,A,0.969924812030075,0.0075187969924812,0,0.0225563909774436,0,0.219168123833797
23S:340,G,G,0.0225563909774436,0.270676691729323,0.488721804511278,0.210526315789474,0.0075187969924812,1.6207782583477
23S:341,U,U,0.0225563909774436,0.037593984962406,0.0150375939849624,0.481203007518797,0.443609022556391,1.62049065703599
23S:342,C,C,0.0827067669172932,0.406015037593985,0.315789473684211,0.195488721804511,0,1.81087313211612
23S:343,C,G,0.240601503759398,0.300751879699248,0.308270676691729,0.150375939849624,0,1.95020485743665
23S:344,G,U,0.0601503759398496,0.300751879699248,0.203007518796992,0.428571428571429,0.0075187969924812,1.7627027697302
23S:345,C,C,0.0300751879699248,0.609022556390977,0.0300751879699248,0.323308270676692,0.0075187969924812,1.27885275494422
23S:346,U,U,0.0300751879699248,0.075187969924812,0.0075187969924812,0.879699248120301,0.0075187969924812,0.667309823217834
23S:347,G,G,0.0075187969924812,0.0150375939849624,0.827067669172932,0.112781954887218,0.037593984962406,0.816469788507604
23S:348,G,G,0.037593984962406,0,0.962406015037594,0,0,0.231149800355048
23S:349,A,A,0.894736842105263,0,0.105263157894737,0,0,0.485460760745913
23S:350,A,A,0.879699248120301,0,0.0225563909774436,0.0977443609022556,0,0.61397960821355
23S:351,C,A,0.518796992481203,0.263157894736842,0.0225563909774436,0.18796992481203,0.0075187969924812,1.58391326862596
23S:352,G,G,0.195488721804511,0.0075187969924812,0.766917293233083,0.0225563909774436,0.0075187969924812,0.947805814000458
23S:353,C,G,0.195488721804511,0.203007518796992,0.406015037593985,0.195488721804511,0,1.91566775115098
23S:354,G,C,0.120300751879699,0.300751879699248,0.285714285714286,0.293233082706767,0,1.92423690285474
23S:355,G,G,0.150375939849624,0.308270676691729,0.443609022556391,0.0977443609022556,0,1.78250160591268
23S:356,C,C,0.203007518796992,0.451127819548872,0.285714285714286,0.0601503759398496,0,1.74538285801411
23S:357,G,G,0.300751879699248,0.075187969924812,0.593984962406015,0.0300751879699248,0,1.40043218098721
23S:358,C,C,0.0150375939849624,0.849624060150376,0.0225563909774436,0.112781954887218,0,0.769278907762788
23S:359,C,C,0.0150375939849624,0.849624060150376,0.120300751879699,0.0150375939849624,0,0.749416099013098
23S:360,G,A,0.639097744360902,0,0.323308270676692,0.037593984962406,0,1.11740834152877
23S:361,G,U,0.12781954887218,0.112781954887218,0.172932330827068,0.586466165413534,0,1.62375217011811
23S:362,A,A,0.917293233082707,0,0.075187969924812,0.0075187969924812,0,0.447994945790319
23S:363,G,G,0.0075187969924812,0.105263157894737,0.879699248120301,0.0075187969924812,0,0.610653555049575
23S:364,A,A,0.857142857142857,0.0601503759398496,0.0150375939849624,0.0676691729323308,0,0.788524641307495
23S:365,G,G,0.157894736842105,0.0902255639097744,0.744360902255639,0.0075187969924812,0,1.10366949358473
23S:366,G,G,0.0150375939849624,0.0150375939849624,0.932330827067669,0.037593984962406,0,0.454305119994352
23S:367,G,G,0.0075187969924812,0,0.992481203007519,0,0,0.0638536854612208
23S:368,U,U,0,0,0,1,0,-0
23S:369,G,G,0.0526315789473684,0,0.93984962406015,0.0075187969924812,0,0.360737172063865
23S:370,A,A,0.87218045112782,0.0451127819548872,0,0.0827067669172932,0,0.671152223139268
23S:371,U,U,0.172932330827068,0.240601503759398,0.18796992481203,0.398496240601504,0,1.91454473756488
23S:372,A,A,0.992481203007519,0,0.0075187969924812,0,0,0.0638536854612208
23S:373,G,G,0.112781954887218,0.0225563909774436,0.849624060150376,0.0150375939849624,0,0.769278907762788
23S:374,C,C,0,0.586466165413534,0.0977443609022556,0.315789473684211,0,1.3045725019388
23S:375,C,C,0,0.992481203007519,0,0.0075187969924812,0,0.0638536854612208
23S:376,C,C,0.037593984962406,0.924812030075188,0.0150375939849624,0.0225563909774436,0,0.496682344273169
23S:377,C,C,0.0225563909774436,0.721804511278195,0.0977443609022556,0.150375939849624,0.0075187969924812,1.21342438031226
23S:378,G,G,0.0150375939849624,0,0.932330827067669,0.0526315789473684,0,0.40887772164874
23S:379,U,U,0,0,0,1,0,-0
23S:380,A,A,0.887218045112782,0.0676691729323308,0.0225563909774436,0.0225563909774436,0,0.662869053230476
23S:381,G,G,0.142857142857143,0.195488721804511,0.421052631578947,0.240601503759398,0,1.88134310420553
23S:382,G,G,0.180451127819549,0.172932330827068,0.443609022556391,0.203007518796992,0,1.87077922138554
23S:383,C,C,0.0676691729323308,0.548872180451128,0.165413533834586,0.210526315789474,0.0075187969924812,1.64769967049571
23S:384,G,A,0.481203007518797,0.0902255639097744,0.353383458646617,0.0601503759398496,0.0150375939849624,1.61104231600245
23S:385,U,A,0.323308270676692,0.18796992481203,0.255639097744361,0.225563909774436,0.0075187969924812,1.97204392005964
23S:386,A,A,0.323308270676692,0.240601503759398,0.218045112781955,0.218045112781955,0,1.97940061467721
23S:387,A,A,0.315789473684211,0.218045112781955,0.278195488721805,0.18796992481203,0,1.97103461679407
23S:388,G,C,0.157894736842105,0.338345864661654,0.293233082706767,0.210526315789474,0,1.94168334101675
23S:389,C,C,0.278195488721805,0.353383458646617,0.18796992481203,0.180451127819549,0,1.94286923761551
23S:390,C,-,0.105263157894737,0.0601503759398496,0.0526315789473684,0.0451127819548872,0.736842105263158,1.99385354733507
23S:391,C,-,0.0902255639097744,0.0601503759398496,0.0902255639097744,0.0300751879699248,0.729323308270677,1.99268436255599
23S:392,G,G,0.255639097744361,0.157894736842105,0.323308270676692,0.263157894736842,0,1.95703662703405
23S:393,C,C,0.210526315789474,0.315789473684211,0.225563909774436,0.24812030075188,0,1.9819366206034
23S:394,A,G,0.233082706766917,0.157894736842105,0.353383458646617,0.255639097744361,0,1.94356691571391
23S:395,G,G,0.18796992481203,0.18796992481203,0.421052631578947,0.195488721804511,0.0075187969924812,1.89728381351879
23S:396,G,G,0.180451127819549,0.293233082706767,0.308270676691729,0.180451127819549,0.037593984962406,1.95756634222298
23S:397,G,-,0.037593984962406,0.180451127819549,0.180451127819549,0.0977443609022556,0.503759398496241,1.9562133072083
23S:398,U,-,0.0676691729323308,0.150375939849624,0.180451127819549,0.0977443609022556,0.503759398496241,1.97748658594456
23S:399,C,-,0.0676691729323308,0.157894736842105,0.12781954887218,0.12781954887218,0.518796992481203,1.98716794298596
