resNum,resName,Consensus,A,C,G,U,Gaps,Shannon
varchar(11),varchar(3),char(1),"real(5,4)","real(5,4)","real(5,4)","real(5,4)","real(5,4)","real(5,4)"
23S:1,G,-,0.054263566,0,0.240310078,0,0.705426357,1.897344695
23S:2,G,-,0.108527132,0,0.209302326,0.007751938,0.674418605,1.91813344
23S:3,U,-,0.015503876,0.023255814,0.023255814,0.341085271,0.596899225,1.807397498
23S:4,C,-,0.023255814,0.248062016,0.007751938,0.131782946,0.589147287,1.895281131
23S:5,A,-,0.426356589,0.015503876,0.007751938,0,0.550387597,1.678686846
23S:6,A,-,0.441860465,0.023255814,0.007751938,0.015503876,0.511627907,1.667207095
23S:7,G,-,0.023255814,0.069767442,0.403100775,0.046511628,0.457364341,1.759090793
23S:8,A,-,0.062015504,0.23255814,0.031007752,0.224806202,0.449612403,1.899756235
23S:9,U,-,0.062015504,0.023255814,0.341085271,0.217054264,0.356589147,1.812812621
23S:10,G,-,0.209302326,0.07751938,0.124031008,0.124031008,0.465116279,1.974530296
23S:11,G,A,0.302325581,0.209302326,0.147286822,0.100775194,0.240310078,1.935127811
23S:12,U,U,0.147286822,0.217054264,0.054263566,0.418604651,0.162790698,1.795535314
23S:13,A,A,0.565891473,0.023255814,0.093023256,0.224806202,0.093023256,1.515447217
23S:14,A,A,0.88372093,0.007751938,0.054263566,0,0.054263566,0.606122218
23S:15,G,G,0.085271318,0.19379845,0.534883721,0.139534884,0.046511628,1.683771379
23S:16,G,G,0.07751938,0.162790698,0.519379845,0.201550388,0.03875969,1.704001566
23S:17,G,G,0.015503876,0.341085271,0.511627907,0.093023256,0.03875969,1.491109074
23S:18,C,C,0,0.643410853,0.023255814,0.302325581,0.031007752,1.136562238
23S:19,C,A,0.426356589,0.11627907,0.279069767,0.147286822,0.031007752,1.829830263
23S:20,C,C,0.217054264,0.325581395,0.108527132,0.317829457,0.031007752,1.900440248
23S:21,A,A,0.403100775,0.263565891,0.186046512,0.11627907,0.031007752,1.8701335
23S:22,C,C,0.046511628,0.565891473,0.007751938,0.356589147,0.023255814,1.298724933
23S:23,G,G,0.11627907,0.007751938,0.860465116,0,0.015503876,0.654887524
23S:24,G,G,0.124031008,0,0.860465116,0,0.015503876,0.623375769
23S:25,U,U,0.015503876,0.093023256,0.069767442,0.813953488,0.007751938,0.936534124
23S:26,G,G,0,0,0.992248062,0,0.007751938,0.060754188
23S:27,G,G,0.062015504,0,0.930232558,0,0.007751938,0.383080784
23S:28,A,A,0.992248062,0,0,0,0.007751938,0.060754188
23S:29,U,U,0,0,0,0.992248062,0.007751938,0.060754188
23S:30,G,G,0.11627907,0.108527132,0.76744186,0.007751938,0,1.056090564
23S:31,C,C,0.07751938,0.534883721,0.279069767,0.108527132,0,1.630392082
23S:32,C,C,0,0.968992248,0.015503876,0.015503876,0,0.23042853
23S:33,U,U,0.007751938,0.015503876,0,0.976744186,0,0.18070578
23S:34,C,U,0.139534884,0.317829457,0.023255814,0.519379845,0,1.539125352
23S:35,G,G,0,0,1,0,0,0
23S:36,G,G,0.015503876,0.015503876,0.968992248,0,0,0.23042853
23S:37,C,C,0.03875969,0.837209302,0.015503876,0.108527132,0,0.837270204
23S:38,A,U,0.372093023,0.007751938,0.11627907,0.503875969,0,1.444285652
23S:39,C,C,0.069767442,0.434108527,0.139534884,0.170542636,0.186046512,1.798757736
23S:40,C,U,0.15503876,0.294573643,0.248062016,0.302325581,0,1.95703738
23S:41,C,G,0.263565891,0.286821705,0.333333333,0.11627907,0,1.913116755
23S:42,G,G,0.108527132,0.100775194,0.76744186,0.023255814,0,1.100608045
23S:43,A,A,0.589147287,0.294573643,0.031007752,0.085271318,0,1.427370788
23S:44,G,G,0.147286822,0,0.837209302,0.015503876,0,0.714804984
23S:45,C,C,0.023255814,0.426356589,0.387596899,0.162790698,0,1.606877278
23S:47,C,C,0,0.906976744,0,0.085271318,0.007751938,0.46708253
23S:48,G,G,0,0,0.96124031,0.031007752,0.007751938,0.249276513
23S:49,A,A,0.976744186,0,0,0.015503876,0.007751938,0.167235372
23S:50,U,U,0.19379845,0.108527132,0.046511628,0.651162791,0,1.41538375
23S:51,G,G,0,0,1,0,0,0
23S:52,A,A,1,0,0,0,0,0
23S:53,A,A,0.976744186,0.023255814,0,0,0,0.159350063
23S:54,G,G,0.031007752,0,0.968992248,0,0,0.199420778
23S:55,G,G,0.186046512,0,0.813953488,0,0,0.693127415
23S:56,A,A,0.759689922,0.054263566,0.170542636,0.015503876,0,1.05773466
23S:57,C,C,0,0.984496124,0,0.015503876,0,0.115390393
23S:58,G,G,0,0,1,0,0,0
23S:59,U,U,0,0.255813953,0.031007752,0.713178295,0,1.006322559
23S:60,G,G,0.255813953,0,0.720930233,0.023255814,0,0.969663977
23S:61,G,G,0.124031008,0.224806202,0.620155039,0.031007752,0,1.440407903
23S:62,C,C,0.054263566,0.612403101,0.023255814,0.302325581,0.007751938,1.321331722
23S:63,U,A,0.728682171,0,0.07751938,0.19379845,0,1.077529288
23S:64,A,A,0.744186047,0.085271318,0.147286822,0.023255814,0,1.153276417
23S:65,C,G,0.201550388,0.209302326,0.511627907,0.07751938,0,1.718648278
23S:66,C,C,0.062015504,0.860465116,0.046511628,0.031007752,0,0.796576587
23S:67,U,U,0.031007752,0.03875969,0.11627907,0.813953488,0,0.939841374
23S:68,G,G,0.062015504,0.031007752,0.906976744,0,0,0.531904215
23S:69,C,C,0,0.984496124,0,0.015503876,0,0.115390393
23S:70,G,G,0.007751938,0,0.992248062,0,0,0.065490821
23S:71,A,A,0.953488372,0.015503876,0.007751938,0.023255814,0,0.339256932
23S:72,U,U,0.317829457,0,0.069767442,0.612403101,0,1.226826974
23S:73,A,A,0.984496124,0,0,0.015503876,0,0.115390393
23S:74,A,A,0.689922481,0.15503876,0.023255814,0.131782946,0,1.297889325
23S:75,G,G,0.023255814,0.015503876,0.860465116,0.093023256,0.007751938,0.742399343
23S:76,C,C,0.007751938,0.798449612,0.007751938,0.186046512,0,0.819377222
23S:77,C,C,0.139534884,0.418604651,0.15503876,0.286821705,0,1.85610391
23S:78,A,U,0.209302326,0.325581395,0.11627907,0.348837209,0,1.890327701
23S:79,G,C,0.054263566,0.441860465,0.19379845,0.310077519,0,1.73138428
23S:80,G,G,0.062015504,0,0.914728682,0.023255814,0,0.492570144
23S:81,G,G,0.03875969,0.046511628,0.76744186,0.147286822,0,1.087689708
23S:82,G,G,0.015503876,0.085271318,0.620155039,0.07751938,0.201550388,1.415616933
23S:83,G,G,0.085271318,0.023255814,0.782945736,0.108527132,0,1.053157767
23S:84,A,A,0.992248062,0,0.007751938,0,0,0.065490821
23S:85,G,G,0.186046512,0.023255814,0.759689922,0.031007752,0,1.034207471
23S:86,C,C,0.046511628,0.472868217,0.23255814,0.248062016,0,1.705091825
23S:87,C,U,0.031007752,0.387596899,0.007751938,0.573643411,0,1.199658585
23S:88,G,G,0.015503876,0.007751938,0.976744186,0,0,0.18070578
23S:89,G,C,0.07751938,0.604651163,0.209302326,0.108527132,0,1.544827368
23S:90,U,A,0.658914729,0.139534884,0.085271318,0.11627907,0,1.456855268
23S:92,A,A,0.519379845,0.085271318,0.263565891,0.131782946,0,1.686092926
23S:93,G,G,0.387596899,0.031007752,0.503875969,0.062015504,0.015503876,1.453576223
23S:94,C,C,0.093023256,0.503875969,0.186046512,0.201550388,0.015503876,1.746981579
23S:94A,G,A,0.751937984,0.062015504,0.124031008,0.054263566,0.007751938,1.170895839
23S:95,G,G,0.310077519,0.186046512,0.418604651,0.069767442,0.015503876,1.782191028
23S:96,G,G,0.108527132,0.333333333,0.426356589,0.100775194,0.031007752,1.760582335
23S:97,C,C,0.03875969,0.697674419,0.15503876,0.007751938,0.100775194,1.199900681
23S:98,G,U,0.108527132,0.007751938,0.201550388,0.480620155,0.201550388,1.646315262
23S:99,U,U,0.15503876,0.015503876,0.046511628,0.775193798,0.007751938,1.015521036
23S:100,G,-,0.046511628,0.015503876,0.108527132,0.186046512,0.643410853,1.951765796
23S:102,G,G,0.100775194,0.007751938,0.837209302,0.054263566,0,0.830722984
23S:103,A,A,0.992248062,0,0.007751938,0,0,0.065490821
23S:104,U,U,0.240310078,0.07751938,0.085271318,0.596899225,0,1.527539829
23S:105,C,C,0.015503876,0.92248062,0,0.062015504,0,0.449341102
23S:106,C,C,0.186046512,0.744186047,0.031007752,0.03875969,0,1.10576105
23S:107,C,G,0.108527132,0.217054264,0.457364341,0.217054264,0,1.820601019
23S:108,U,G,0.108527132,0.224806202,0.519379845,0.147286822,0,1.729653486
23S:109,G,G,0.310077519,0.108527132,0.558139535,0.015503876,0.007751938,1.445655171
23S:110,G,G,0.186046512,0.007751938,0.790697674,0.007751938,0.007751938,0.848674439
23S:111,A,A,0.821705426,0.062015504,0.11627907,0,0,0.842522394
23S:112,U,U,0.093023256,0.015503876,0,0.891472868,0,0.559669846
23S:113,G,C,0.085271318,0.379844961,0.19379845,0.341085271,0,1.821413875
23S:114,U,U,0.007751938,0.170542636,0.062015504,0.759689922,0,1.039529113
23S:115,C,C,0,0.813953488,0,0.186046512,0,0.693127415
23S:116,C,C,0,0.84496124,0,0.15503876,0,0.622307462
23S:117,G,G,0,0.015503876,0.92248062,0.062015504,0,0.449341102
23S:118,A,A,1,0,0,0,0,0
23S:119,A,A,0.992248062,0,0,0,0.007751938,0.060754188
23S:120,U,U,0,0.19379845,0,0.798449612,0.007751938,0.752606089
23S:121,G,G,0.023255814,0.007751938,0.96124031,0,0.007751938,0.268213551
23S:122,G,G,0.031007752,0.19379845,0.759689922,0.007751938,0.007751938,0.986805994
23S:123,G,G,0.209302326,0,0.782945736,0,0.007751938,0.783025277
23S:124,G,G,0.34375,0.09375,0.53125,0.0234375,0.0078125,1.48208555
23S:125,G,A,0.465116279,0.325581395,0.108527132,0.093023256,0.007751938,1.714036426
23S:126,A,A,0.558139535,0.124031008,0.023255814,0.248062016,0.046511628,1.527374383
23S:127,A,A,0.511627907,0.085271318,0.054263566,0.341085271,0.007751938,1.563570499
23S:128,C,C,0.031007752,0.76744186,0.162790698,0.031007752,0.007751938,1.04403528
23S:129,C,C,0.007751938,0.906976744,0.007751938,0.062015504,0.015503876,0.530691884
23S:130,C,C,0.03875969,0.589147287,0.139534884,0.224806202,0.007751938,1.520933674
23S:131,G,G,0.379844961,0.170542636,0.403100775,0.031007752,0.015503876,1.666402453
23S:132,G,C,0.178294574,0.441860465,0.217054264,0.093023256,0.069767442,1.817877077
23S:133,C,C,0.062015504,0.558139535,0.062015504,0.255813953,0.062015504,1.542521701
23S:134,C,G,0.224806202,0.209302326,0.271317829,0.224806202,0.069767442,1.993911649
23S:135,G,C,0.108527132,0.325581395,0.271317829,0.209302326,0.085271318,1.919146966
23S:136,G,G,0.19379845,0.108527132,0.426356589,0.186046512,0.085271318,1.849019633
23S:137,C,G,0.201550388,0.07751938,0.271317829,0.217054264,0.23255814,1.936098742
23S:139,G,U,0.15503876,0.178294574,0.217054264,0.302325581,0.147286822,1.965051239
23S:139A,G,U,0.147286822,0.178294574,0.178294574,0.286821705,0.209302326,1.969292902
23S:140,G,-,0.162790698,0.054263566,0.07751938,0.240310078,0.465116279,1.938319888
23S:141,A,-,0.209302326,0.11627907,0.085271318,0.124031008,0.465116279,1.97653293
23S:142,A,G,0.23255814,0.162790698,0.279069767,0.11627907,0.209302326,1.954016286
23S:142A,C,-,0.046511628,0.046511628,0.162790698,0.124031008,0.620155039,1.970918747
23S:143,G,-,0.03875969,0.124031008,0.108527132,0.11627907,0.612403101,1.985896206
23S:143A,C,-,0.046511628,0.240310078,0.093023256,0.062015504,0.558139535,1.936978938
23S:144,C,-,0.069767442,0.286821705,0.108527132,0.07751938,0.457364341,1.917766511
23S:145,G,-,0.093023256,0.085271318,0.139534884,0.124031008,0.558139535,1.994334206
23S:146,G,-,0.170542636,0.015503876,0.348837209,0.007751938,0.457364341,1.783212502
23S:147,U,-,0.031007752,0.062015504,0.178294574,0.302325581,0.426356589,1.870390253
23S:148,C,-,0.031007752,0.201550388,0.062015504,0.23255814,0.472868217,1.911228023
23S:149,A,-,0.457364341,0,0.054263566,0.007751938,0.480620155,1.643651323
23S:150,C,-,0.023255814,0.131782946,0.007751938,0.356589147,0.480620155,1.791855269
23S:151,C,-,0.069767442,0.294573643,0.046511628,0.139534884,0.449612403,1.898145878
23S:152,G,-,0.15503876,0.263565891,0.108527132,0.124031008,0.348837209,1.960051689
23S:153,C,-,0.147286822,0.23255814,0.085271318,0.240310078,0.294573643,1.950526122
23S:154,G,-,0.11627907,0.162790698,0.248062016,0.162790698,0.310077519,1.974530296
23S:154A,C,A,0.372093023,0.085271318,0.100775194,0.124031008,0.317829457,1.85950022
23S:155,U,-,0.201550388,0.286821705,0.07751938,0.108527132,0.325581395,1.922956363
23S:156,U,-,0.441860465,0.031007752,0.031007752,0.015503876,0.480620155,1.682261764
23S:157,U,U,0.03875969,0.023255814,0,0.604651163,0.333333333,1.384642943
23S:158,U,U,0.108527132,0.07751938,0.069767442,0.372093023,0.372093023,1.840909194
23S:171,G,-,0.15503876,0.240310078,0.201550388,0.15503876,0.248062016,1.985519513
23S:172,C,-,0.23255814,0.03875969,0.170542636,0.178294574,0.379844961,1.934979294
23S:173,G,G,0.186046512,0.100775194,0.441860465,0.178294574,0.093023256,1.825127791
23S:174,C,G,0.209302326,0.085271318,0.472868217,0.19379845,0.03875969,1.777046508
23S:175,G,G,0.356589147,0.147286822,0.403100775,0.07751938,0.015503876,1.765076476
23S:176,G,G,0.418604651,0,0.441860465,0.131782946,0.007751938,1.451299983
23S:177,G,A,0.403100775,0.147286822,0.317829457,0.124031008,0.007751938,1.84014645
23S:178,G,G,0.023255814,0,0.976744186,0,0,0.159350063
23S:179,G,G,0.162790698,0.356589147,0.480620155,0,0,1.464849836
23S:180,G,G,0.108527132,0.15503876,0.627906977,0.108527132,0,1.533922217
23S:181,A,A,0.705426357,0.015503876,0,0.015503876,0.263565891,1.136605164
23S:182,A,A,1,0,0,0,0,0
23S:183,C,C,0,0.976744186,0.007751938,0.015503876,0,0.18070578
23S:184,C,C,0,0.627906977,0.317829457,0.054263566,0,1.175266272
23S:185,U,C,0.046511628,0.720930233,0.131782946,0.100775194,0,1.265148735
23S:186,G,G,0.147286822,0.19379845,0.620155039,0.03875969,0,1.475018608
23S:187,G,G,0.007751938,0.387596899,0.581395349,0.023255814,0,1.165420288
23S:188,G,G,0.03875969,0.271317829,0.395348837,0.294573643,0,1.741076217
23S:189,G,G,0.015503876,0.007751938,0.968992248,0.007751938,0,0.245932406
23S:190,A,A,0.976744186,0,0.023255814,0,0,0.159350063
23S:191,A,A,0.984496124,0,0.015503876,0,0,0.115390393
23S:192,C,C,0.031007752,0.612403101,0.100775194,0.255813953,0,1.425417942
23S:193,U,U,0.007751938,0.007751938,0.085271318,0.899224806,0,0.549370331
23S:194,G,G,0,0,0.798449612,0.201550388,0,0.725018054
23S:195,A,A,1,0,0,0,0,0
23S:196,A,A,1,0,0,0,0,0
23S:197,A,A,0.75,0.015625,0.234375,0,0,0.925244869
23S:198,C,C,0,0.984496124,0,0.015503876,0,0.115390393
23S:199,A,A,0.992248062,0,0.007751938,0,0,0.065490821
23S:200,U,U,0,0,0,1,0,0
23S:201,C,C,0.201550388,0.798449612,0,0,0,0.725018054
23S:202,U,U,0,0.015503876,0,0.984496124,0,0.115390393
23S:203,C,U,0.286821705,0.317829457,0.023255814,0.372093023,0,1.699269936
23S:204,A,A,0.992248062,0,0,0.007751938,0,0.065490821
23S:205,G,G,0.07751938,0.031007752,0.852713178,0.03875969,0,0.819145938
23S:206,U,U,0,0,0,1,0,0
23S:207,A,A,0.92248062,0.046511628,0.007751938,0.023255814,0,0.493801082
23S:208,C,C,0.263565891,0.426356589,0.302325581,0.007751938,0,1.60751247
23S:209,C,C,0.015503876,0.581395349,0.395348837,0.007751938,0,1.131730401
23S:210,C,C,0.03875969,0.581395349,0.186046512,0.19379845,0,1.546835418
23S:211,A,G,0.100775194,0.124031008,0.720930233,0.054263566,0,1.275576323
23S:212,G,G,0.03875969,0.240310078,0.643410853,0.07751938,0,1.371403381
23S:213,A,A,0.968992248,0.007751938,0.007751938,0.007751938,0.007751938,0.23577961
23S:214,G,G,0.007751938,0,0.992248062,0,0,0.065490821
23S:215,G,G,0,0,1,0,0,0
23S:216,A,A,1,0,0,0,0,0
23S:217,G,A,0.860465116,0,0.139534884,0,0,0.583019417
23S:218,A,A,0.759689922,0.03875969,0.201550388,0,0,0.948726187
23S:219,G,A,0.914728682,0,0.085271318,0,0,0.420485956
23S:220,G,G,0,0,0.976744186,0.023255814,0,0.159350063
23S:221,A,A,1,0,0,0,0,0
23S:222,A,A,0.906976744,0.07751938,0.007751938,0,0.007751938,0.497826943
23S:223,A,A,0.976744186,0.007751938,0.007751938,0,0.007751938,0.177526155
23S:224,G,U,0.131782946,0.224806202,0.217054264,0.418604651,0.007751938,1.878944891
23S:225,A,C,0.069767442,0.728682171,0,0.19379845,0.007751938,1.081471939
23S:226,G,A,0.930232558,0,0.054263566,0.007751938,0.007751938,0.410162018
23S:227,A,A,0.92248062,0.031007752,0,0.007751938,0.03875969,0.449141587
23S:228,A,C,0.310077519,0.472868217,0.023255814,0.11627907,0.07751938,1.616111604
23S:229,A,C,0.255813953,0.457364341,0.007751938,0.178294574,0.100775194,1.651518056
23S:230,U,G,0.19379845,0,0.720930233,0.069767442,0.015503876,1.107066096
23S:231,C,A,0.410852713,0.217054264,0.224806202,0.131782946,0.015503876,1.88559724
23S:232,G,G,0,0,0.984496124,0.007751938,0.007751938,0.119184116
23S:233,A,A,0.992248062,0,0,0,0.007751938,0.060754188
23S:234,C,U,0,0.085271318,0,0.906976744,0.007751938,0.46708253
23S:235,U,U,0.046511628,0.069767442,0.15503876,0.720930233,0.007751938,1.241992956
23S:236,C,C,0.007751938,0.821705426,0.046511628,0.11627907,0.007751938,0.871127234
23S:237,C,C,0,0.92248062,0,0.07751938,0,0.393377683
23S:238,C,C,0,0.581395349,0.410852713,0.007751938,0,1.03648938
23S:239,U,U,0.046511628,0.19379845,0.046511628,0.705426357,0.007751938,1.23707631
23S:240,G,U,0.15503876,0.19379845,0.23255814,0.410852713,0.007751938,1.897500878
23S:241,A,A,0.992248062,0.007751938,0,0,0,0.065490821
23S:242,G,G,0,0,1,0,0,0
23S:243,U,U,0,0,0,1,0,0
23S:244,A,A,1,0,0,0,0,0
23S:245,G,G,0.255813953,0,0.744186047,0,0,0.820363643
23S:246,C,C,0.054263566,0.519379845,0.124031008,0.302325581,0,1.614249374
23S:247,G,G,0.007751938,0.031007752,0.945736434,0.015503876,0,0.37905706
23S:248,G,G,0.015503876,0,0.976744186,0.007751938,0,0.18070578
23S:249,C,C,0,0.984496124,0,0.015503876,0,0.115390393
23S:250,G,G,0,0,1,0,0,0
23S:251,A,A,1,0,0,0,0,0
23S:252,G,G,0.03875969,0.124031008,0.782945736,0.054263566,0,1.05975063
23S:253,C,C,0,0.775193798,0,0.224806202,0,0.768846885
23S:254,G,G,0.007751938,0,0.992248062,0,0,0.065490821
23S:255,A,A,1,0,0,0,0,0
23S:256,A,A,0.992248062,0.007751938,0,0,0,0.065490821
23S:257,A,A,0.441860465,0.434108527,0.11627907,0.007751938,0,1.458591865
23S:258,G,G,0.209302326,0.248062016,0.480620155,0.054263566,0.007751938,1.714517299
23S:259,G,G,0.007751938,0.379844961,0.581395349,0.023255814,0.007751938,1.182585612
23S:260,G,G,0.007751938,0,0.984496124,0,0.007751938,0.119184116
23S:261,G,G,0.11627907,0.046511628,0.829457364,0.007751938,0,0.844947399
23S:262,A,-,0.364341085,0,0,0.015503876,0.620155039,1.759966828
23S:263,C,A,0.480620155,0.139534884,0.263565891,0.11627907,0,1.772499218
23S:264,C,C,0.085271318,0.310077519,0.310077519,0.108527132,0.186046512,1.863218495
23S:265,A,A,0.976744186,0,0,0.023255814,0,0.159350063
23S:266,G,G,0.023255814,0,0.976744186,0,0,0.159350063
23S:267,C,C,0.007751938,0.682170543,0.217054264,0.093023256,0,1.227851517
23S:268,C,C,0.015503876,0.751937984,0.069767442,0.162790698,0,1.096812243
23S:269,U,C,0.007751938,0.821705426,0.007751938,0.162790698,0,0.767830092
23S:270,A,A,0.875968992,0,0.07751938,0.046511628,0,0.659217343
23S:271,A,A,0.620155039,0.046511628,0.201550388,0.054263566,0.07751938,1.429384669
23S:271A,A,A,0.589147287,0.131782946,0.062015504,0.162790698,0.054263566,1.567775492
23S:271B,C,C,0.186046512,0.565891473,0.162790698,0.07751938,0.007751938,1.635814143
23S:271C,C,C,0.11627907,0.620155039,0.062015504,0.19379845,0.007751938,1.504438091
23S:271D,G,G,0.178294574,0.093023256,0.441860465,0.124031008,0.162790698,1.803849114
23S:271E,U,A,0.449612403,0.186046512,0.19379845,0.15503876,0.015503876,1.856549817
23S:271F,C,A,0.542635659,0.07751938,0.131782946,0.201550388,0.046511628,1.659955608
23S:271G,C,A,0.317829457,0.170542636,0.186046512,0.271317829,0.054263566,1.957641108
23S:271H,G,C,0.255813953,0.279069767,0.11627907,0.11627907,0.23255814,1.932426042
23S:271I,G,U,0.031007752,0.201550388,0.248062016,0.310077519,0.209302326,1.852745968
23S:271J,C,-,0.093023256,0.201550388,0.23255814,0.100775194,0.372093023,1.956699488
23S:271K,U,-,0.023255814,0.046511628,0.108527132,0.147286822,0.674418605,1.972097882
23S:271L,U,-,0.147286822,0.093023256,0.046511628,0.201550388,0.511627907,1.96069084
23S:271M,G,U,0.131782946,0.15503876,0.209302326,0.255813953,0.248062016,1.973344462
23S:271N,U,G,0.19379845,0.100775194,0.379844961,0.19379845,0.131782946,1.88594299
23S:271O,C,A,0.341085271,0.217054264,0.224806202,0.062015504,0.15503876,1.874287401
23S:271P,C,-,0.100775194,0.093023256,0.286821705,0.139534884,0.379844961,1.934875384
23S:271Q,G,-,0.310077519,0.07751938,0.139534884,0.11627907,0.356589147,1.915511508
23S:271R,G,U,0.069767442,0.085271318,0.147286822,0.356589147,0.341085271,1.86217682
23S:271S,G,G,0.054263566,0.11627907,0.348837209,0.217054264,0.263565891,1.856808953
23S:271T,C,U,0.054263566,0.170542636,0.069767442,0.434108527,0.271317829,1.756414637
23S:271U,G,G,0.015503876,0.07751938,0.596899225,0.03875969,0.271317829,1.439068757
23S:271V,G,G,0,0,0.728682171,0,0.271317829,1.051371653
23S:271W,G,G,0.19379845,0,0.333333333,0.201550388,0.271317829,1.807778378
23S:271X,G,G,0.100775194,0.023255814,0.612403101,0,0.263565891,1.38014151
23S:271Y,U,U,0.069767442,0.031007752,0.015503876,0.627906977,0.255813953,1.368688193
23S:271Z,C,U,0.062015504,0.023255814,0.015503876,0.612403101,0.286821705,1.392300002
23S:272,G,G,0.069767442,0.015503876,0.573643411,0.093023256,0.248062016,1.503754577
23S:272A,U,U,0.03875969,0.139534884,0.054263566,0.511627907,0.255813953,1.627499891
23S:272B,G,G,0.333333333,0.015503876,0.348837209,0.046511628,0.255813953,1.697426999
23S:272C,G,G,0.07751938,0.007751938,0.658914729,0.007751938,0.248062016,1.272784856
23S:272D,G,G,0.062015504,0.170542636,0.418604651,0.100775194,0.248062016,1.797230705
23S:272E,G,A,0.294573643,0.19379845,0.178294574,0.085271318,0.248062016,1.934951563
23S:272F,C,C,0.007751938,0.410852713,0.046511628,0.286821705,0.248062016,1.656648489
23S:272G,C,C,0.240310078,0.248062016,0.11627907,0.147286822,0.248062016,1.961369132
23S:272H,C,-,0.131782946,0.19379845,0.217054264,0.108527132,0.348837209,1.977308926
23S:272I,U,-,0.031007752,0.23255814,0.03875969,0.131782946,0.565891473,1.924981144
23S:272J,C,-,0.069767442,0.093023256,0.147286822,0.147286822,0.542635659,1.986536908
23S:274,G,-,0.131782946,0.069767442,0.108527132,0.07751938,0.612403101,1.992939252
23S:275,G,-,0.023255814,0.054263566,0.046511628,0.023255814,0.852713178,1.997792688
23S:276,A,-,0.054263566,0.015503876,0.069767442,0.007751938,0.852713178,1.992250313
23S:277,C,-,0.03875969,0.03875969,0.023255814,0.108527132,0.790697674,1.987880879
23S:278,A,-,0.07751938,0.03875969,0.11627907,0.03875969,0.728682171,1.988281515
23S:279,C,-,0.15503876,0.108527132,0.069767442,0.031007752,0.635658915,1.975518883
23S:280,C,-,0.023255814,0.248062016,0.069767442,0.03875969,0.620155039,1.914772651
23S:281,G,-,0.147286822,0,0.046511628,0,0.80620155,1.960403576
23S:282,A,-,0.085271318,0,0.062015504,0.007751938,0.84496124,1.985123777
23S:283,A,-,0.124031008,0.03875969,0.015503876,0,0.821705426,1.97471028
23S:284,U,-,0.15503876,0.186046512,0.100775194,0.069767442,0.488372093,1.976057387
23S:285,C,-,0.178294574,0.124031008,0.240310078,0.209302326,0.248062016,1.978089443
23S:286,C,-,0.15503876,0.224806202,0.186046512,0.108527132,0.325581395,1.978736455
23S:287,C,-,0.209302326,0.139534884,0.240310078,0.069767442,0.341085271,1.947517271
23S:288,C,G,0.224806202,0.217054264,0.263565891,0.19379845,0.100775194,1.992801512
23S:289,A,G,0.255813953,0.224806202,0.302325581,0.178294574,0.03875969,1.9761846
23S:290,G,G,0.224806202,0.139534884,0.395348837,0.209302326,0.031007752,1.903117614
23S:291,C,G,0.170542636,0.240310078,0.286821705,0.279069767,0.023255814,1.974166756
23S:292,C,U,0.201550388,0.162790698,0.209302326,0.395348837,0.031007752,1.91418647
23S:293,U,U,0.248062016,0.069767442,0.131782946,0.472868217,0.07751938,1.735166192
23S:294,A,A,0.736434109,0.031007752,0.108527132,0.054263566,0.069767442,1.167989396
23S:295,G,G,0.108527132,0.124031008,0.635658915,0.131782946,0,1.522009414
23S:296,C,C,0.139534884,0.511627907,0.108527132,0.240310078,0,1.733151934
23S:297,C,C,0.201550388,0.441860465,0.170542636,0.186046512,0,1.872988813
23S:298,G,G,0.054263566,0.085271318,0.744186047,0.085271318,0.031007752,1.195485816
23S:299,A,A,0.976744186,0,0,0,0.023255814,0.154470425
23S:300,A,A,0.697674419,0.007751938,0,0.023255814,0.271317829,1.154877912
23S:301,G,G,0.046511628,0.286821705,0.457364341,0.201550388,0.007751938,1.712040349
23S:302,C,U,0.085271318,0.162790698,0.209302326,0.519379845,0.023255814,1.712691768
23S:303,U,G,0.248062016,0.186046512,0.333333333,0.209302326,0.023255814,1.965051239
23S:304,G,U,0.046511628,0.302325581,0.201550388,0.426356589,0.023255814,1.739777648
23S:305,U,C,0.046511628,0.666666667,0.023255814,0.240310078,0.023255814,1.253845376
23S:306,U,U,0.015503876,0.015503876,0.015503876,0.937984496,0.015503876,0.412163845
23S:307,G,G,0.03875969,0,0.92248062,0.031007752,0.007751938,0.472471797
23S:308,G,G,0.085271318,0.015503876,0.860465116,0,0.03875969,0.695756707
23S:309,G,A,0.829457364,0,0.100775194,0,0.069767442,0.770966547
23S:310,A,A,0.92248062,0,0.007751938,0.062015504,0.007751938,0.440787471
23S:311,A,A,0.534883721,0.248062016,0.023255814,0.186046512,0.007751938,1.568878112
23S:312,G,G,0.178294574,0,0.775193798,0.023255814,0.023255814,0.919535688
23S:313,C,G,0.170542636,0.217054264,0.418604651,0.19379845,0,1.898252346
23S:314,A,C,0.124031008,0.310077519,0.279069767,0.286821705,0,1.927938896
23S:315,G,C,0.170542636,0.364341085,0.333333333,0.131782946,0,1.879526291
23S:316,C,C,0.271317829,0.364341085,0.294573643,0.069767442,0,1.828737704
23S:317,G,G,0.310077519,0.007751938,0.674418605,0.007751938,0,1.015776031
23S:318,C,C,0.03875969,0.813953488,0.023255814,0.124031008,0,0.923162858
23S:319,C,C,0.015503876,0.852713178,0.124031008,0.007751938,0,0.717044554
23S:320,A,A,0.643410853,0.007751938,0.310077519,0.03875969,0,1.169250224
23S:321,G,U,0.139534884,0.093023256,0.186046512,0.581395349,0,1.621469877
23S:322,A,A,0.945736434,0,0.046511628,0.007751938,0,0.336345626
23S:323,G,G,0.007751938,0.108527132,0.875968992,0.007751938,0,0.623760653
23S:324,A,A,0.852713178,0.062015504,0.015503876,0.069767442,0,0.805964515
23S:325,G,G,0.15503876,0.062015504,0.775193798,0.007751938,0,1.004838256
23S:326,G,G,0.015503876,0.015503876,0.930232558,0.03875969,0,0.465207783
23S:327,G,G,0.007751938,0,0.992248062,0,0,0.065490821
23S:328,U,U,0,0,0,1,0,0
23S:329,G,G,0.054263566,0,0.937984496,0.007751938,0,0.369103719
23S:330,A,A,0.899224806,0.03875969,0,0.062015504,0,0.5683169
23S:331,A,U,0.186046512,0.248062016,0.170542636,0.395348837,0,1.914790914
23S:332,A,A,0.992248062,0,0.007751938,0,0,0.065490821
23S:333,G,G,0.11627907,0.023255814,0.84496124,0.015503876,0,0.785720761
23S:334,C,C,0,0.612403101,0.069767442,0.317829457,0,1.226826974
23S:335,C,C,0,0.992248062,0,0.007751938,0,0.065490821
23S:336,C,C,0.03875969,0.914728682,0.015503876,0.023255814,0.007751938,0.538730953
23S:337,C,C,0.023255814,0.759689922,0.069767442,0.147286822,0,1.102417953
23S:338,G,G,0.007751938,0,0.937984496,0.054263566,0,0.369103719
23S:339,U,U,0,0,0,1,0,0
23S:340,A,A,0.891472868,0.069767442,0.015503876,0.023255814,0,0.635137578
23S:341,G,G,0.131782946,0.217054264,0.395348837,0.248062016,0.007751938,1.897060305
23S:342,G,G,0.19379845,0.147286822,0.449612403,0.201550388,0.007751938,1.855465483
23S:343,C,C,0.069767442,0.534883721,0.162790698,0.224806202,0.007751938,1.668422495
23S:344,G,G,0.093023256,0.093023256,0.705426357,0.100775194,0.007751938,1.335624412
23S:345,A,A,0.565891473,0.100775194,0.11627907,0.209302326,0.007751938,1.63884235
23S:346,A,A,0.751937984,0.108527132,0.046511628,0.085271318,0.007751938,1.176895525
23S:347,A,A,0.612403101,0.108527132,0.162790698,0.069767442,0.046511628,1.525840596
23S:348,G,G,0.240310078,0.19379845,0.348837209,0.15503876,0.062015504,1.941303688
23S:349,G,C,0.170542636,0.333333333,0.19379845,0.186046512,0.11627907,1.954269241
23S:350,U,C,0.186046512,0.255813953,0.209302326,0.19379845,0.15503876,1.991774447
23S:351,G,A,0.286821705,0.162790698,0.224806202,0.19379845,0.131782946,1.976134695
23S:352,G,G,0.255813953,0.15503876,0.341085271,0.139534884,0.108527132,1.924449984
23S:353,G,A,0.286821705,0.23255814,0.23255814,0.217054264,0.031007752,1.992135274
23S:354,G,U,0.23255814,0.224806202,0.170542636,0.325581395,0.046511628,1.96492736
23S:355,G,G,0.147286822,0.178294574,0.449612403,0.162790698,0.062015504,1.842309183
23S:356,G,G,0.263565891,0.131782946,0.379844961,0.178294574,0.046511628,1.898894069
23S:357,A,-,0.03875969,0.248062016,0.100775194,0.139534884,0.472868217,1.934048079
23S:358,U,-,0.054263566,0.15503876,0.124031008,0.310077519,0.356589147,1.902689471
23S:359,A,-,0.093023256,0.170542636,0.209302326,0.100775194,0.426356589,1.972950488
23S:360,G,G,0.162790698,0.248062016,0.317829457,0.139534884,0.131782946,1.942664157
23S:361,G,U,0.139534884,0.170542636,0.201550388,0.317829457,0.170542636,1.950177392
23S:362,U,A,0.271317829,0.15503876,0.248062016,0.263565891,0.062015504,1.972868288
23S:363,G,G,0.217054264,0.162790698,0.457364341,0.124031008,0.03875969,1.823887207
23S:363A,A,U,0.139534884,0.162790698,0.255813953,0.294573643,0.147286822,1.952369189
23S:363B,G,U,0.201550388,0.186046512,0.209302326,0.263565891,0.139534884,1.990448545
23S:363C,G,G,0.11627907,0.131782946,0.356589147,0.248062016,0.147286822,1.893107509
23S:363D,G,U,0.15503876,0.054263566,0.286821705,0.418604651,0.085271318,1.767593737
23S:363E,U,U,0.279069767,0.217054264,0.15503876,0.348837209,0,1.939171526
23S:363F,A,C,0.131782946,0.364341085,0.069767442,0.348837209,0.085271318,1.790216479
23S:364,C,C,0.085271318,0.627906977,0.186046512,0.062015504,0.03875969,1.469697375
23S:365,C,C,0.224806202,0.542635659,0.03875969,0.15503876,0.03875969,1.603862435
23S:366,C,U,0.23255814,0.279069767,0.093023256,0.356589147,0.03875969,1.880950613
23S:370,G,G,0.124031008,0,0.875968992,0,0,0.540837932
23S:371,A,A,1,0,0,0,0,0
23S:372,G,G,0.007751938,0,0.992248062,0,0,0.065490821
23S:373,U,U,0,0,0,1,0,0
23S:374,A,A,0.821705426,0.170542636,0,0.007751938,0,0.722335288
23S:375,C,G,0.054263566,0.302325581,0.635658915,0.007751938,0,1.21974326
23S:376,C,G,0.054263566,0.449612403,0.457364341,0.03875969,0,1.444560879
23S:377,C,G,0.263565891,0.031007752,0.658914729,0.046511628,0,1.264857169
23S:378,C,C,0.015503876,0.604651163,0.046511628,0.333333333,0,1.266261887
23S:379,G,G,0.007751938,0.069767442,0.705426357,0.217054264,0,1.155842952
23S:380,U,G,0.046511628,0.11627907,0.813953488,0.023255814,0,0.934763683
23S:381,G,G,0.108527132,0.186046512,0.596899225,0.108527132,0,1.591168329
23S:382,G,U,0.333333333,0.03875969,0.162790698,0.465116279,0,1.650055732
23S:383,U,C,0,0.558139535,0,0.441860465,0,0.99022469
23S:384,U,-,0.426356589,0.054263566,0,0.03875969,0.480620155,1.704832496
23S:385,C,C,0,0.503875969,0.015503876,0,0.480620155,1.550131541
23S:386,G,G,0,0,0.519379845,0,0.480620155,1.514392286
23S:387,U,G,0.124031008,0.007751938,0.472868217,0.395348837,0,1.468059271
23S:388,G,G,0.054263566,0,0.930232558,0.015503876,0,0.418371783
23S:389,G,A,0.550387597,0.015503876,0.302325581,0.124031008,0.007751938,1.473704287
23S:390,A,A,0.728682171,0.023255814,0.007751938,0.23255814,0.007751938,1.020098539
23S:391,G,A,0.775193798,0.007751938,0.062015504,0.15503876,0,1.004838256
23S:392,C,U,0,0.100775194,0.023255814,0.875968992,0,0.62718984
23S:393,C,C,0,0.589147287,0.294573643,0.11627907,0,1.33008698
23S:394,A,C,0.023255814,0.720930233,0.11627907,0.139534884,0,1.223950776
23S:395,U,C,0.209302326,0.356589147,0.085271318,0.348837209,0,1.835622994
23S:396,G,G,0.015503876,0.015503876,0.92248062,0.046511628,0,0.499652923
23S:397,G,U,0.046511628,0.348837209,0.03875969,0.565891473,0,1.382467584
23S:398,G,G,0.03875969,0.410852713,0.449612403,0.100775194,0,1.561164941
23S:399,G,U,0.007751938,0.162790698,0.294573643,0.534883721,0,1.482947419
23S:400,G,G,0.108527132,0.031007752,0.80620155,0.054263566,0,0.981768464
23S:401,A,A,1,0,0,0,0,0
23S:402,A,A,1,0,0,0,0,0
23S:403,U,U,0.023255814,0.131782946,0.341085271,0.488372093,0.015503876,1.565182214
23S:404,C,C,0.279069767,0.387596899,0.069767442,0.085271318,0.178294574,1.789941964
23S:405,U,U,0.093023256,0.209302326,0.015503876,0.666666667,0.015503876,1.298546973
23S:406,G,G,0.03875969,0.03875969,0.906976744,0.007751938,0.007751938,0.566009695
23S:407,G,G,0,0.131782946,0.829457364,0.03875969,0,0.79081271
23S:408,G,G,0,0.15503876,0.84496124,0,0,0.622307462
23S:409,C,G,0.302325581,0.03875969,0.465116279,0.19379845,0,1.675954639
23S:410,G,G,0.054263566,0.015503876,0.92248062,0.007751938,0,0.483050525
23S:411,G,G,0.108527132,0.023255814,0.813953488,0.054263566,0,0.943745703
23S:412,A,A,0.503875969,0.302325581,0,0.19379845,0,1.478816409
23S:413,C,C,0.465116279,0.519379845,0.007751938,0.007751938,0,1.113231817
23S:414,C,C,0.162790698,0.674418605,0,0.162790698,0,1.235929458
23S:415,A,A,0.674418605,0.217054264,0.054263566,0.054263566,0,1.317855233
23S:416,C,U,0.170542636,0.348837209,0.093023256,0.379844961,0.007751938,1.820379636
23S:417,C,C,0.007751938,0.914728682,0.015503876,0.054263566,0.007751938,0.515190823
23S:418,G,C,0.19379845,0.457364341,0.03875969,0.310077519,0,1.680536489
23S:419,C,U,0,0.240310078,0.15503876,0.604651163,0,1.350141824
23S:420,C,C,0.03875969,0.821705426,0.131782946,0.007751938,0,0.854203403
23S:421,U,C,0,0.612403101,0.03875969,0.348837209,0,1.145012458
23S:422,A,A,1,0,0,0,0,0
23S:423,A,A,1,0,0,0,0,0
23S:424,G,G,0.147286822,0.069767442,0.76744186,0.015503876,0,1.061256301
23S:425,G,G,0.100775194,0.209302326,0.674418605,0.015503876,0,1.282360875
23S:426,C,C,0,0.976744186,0,0.023255814,0,0.159350063
23S:427,U,U,0,0,0,1,0,0
23S:428,A,A,0.992248062,0,0.007751938,0,0,0.065490821
23S:429,A,A,0.992248062,0.007751938,0,0,0,0.065490821
23S:430,G,A,0.914728682,0,0.085271318,0,0,0.420485956
23S:431,U,U,0,0.062015504,0,0.937984496,0,0.335394296
23S:432,A,A,1,0,0,0,0,0
23S:433,C,C,0,0.860465116,0,0.139534884,0,0.583019417
23S:434,U,U,0.069767442,0.062015504,0.19379845,0.674418605,0,1.358810093
23S:435,C,C,0.124031008,0.519379845,0.162790698,0.19379845,0,1.749498214
23S:436,C,C,0.007751938,0.558139535,0,0.434108527,0,1.046525893
23S:437,G,G,0.147286822,0.279069767,0.302325581,0.271317829,0,1.953215512
23S:438,G,A,0.356589147,0.325581395,0.15503876,0.162790698,0,1.900851988
23S:440,G,G,0.170542636,0.139534884,0.620155039,0.069767442,0,1.527120912
23S:441,U,A,0.503875969,0.108527132,0.007751938,0.379844961,0,1.430780286
23S:442,G,G,0.069767442,0.007751938,0.88372093,0.03875969,0,0.661704565
23S:443,A,A,0.914728682,0,0,0.085271318,0,0.420485956
23S:444,C,C,0,0.96124031,0.023255814,0.015503876,0,0.274209969
23S:445,C,C,0,1,0,0,0,0
23S:446,G,G,0,0,0.992248062,0.007751938,0,0.065490821
23S:447,A,A,1,0,0,0,0,0
23S:448,U,U,0,0,0,1,0,0
23S:449,A,A,1,0,0,0,0,0
23S:450,G,G,0,0,1,0,0,0
23S:451,C,C,0.007751938,0.589147287,0,0.403100775,0,1.032426043
23S:452,G,G,0.03875969,0.046511628,0.914728682,0,0,0.505248222
23S:453,C,A,0.782945736,0.100775194,0.069767442,0.046511628,0,1.083908061
23S:454,A,A,0.992248062,0,0,0.007751938,0,0.065490821
23S:455,C,C,0.054263566,0.635658915,0.015503876,0.046511628,0.248062016,1.357022701
23S:456,C,C,0.162790698,0.503875969,0.031007752,0.286821705,0.015503876,1.61433375
23S:457,A,A,0.790697674,0,0.007751938,0,0.201550388,0.883043499
23S:458,G,G,0,0,1,0,0,0
23S:459,U,U,0,0,0,1,0,0
23S:460,A,A,1,0,0,0,0,0
23S:461,C,C,0,0.829457364,0.170542636,0,0,0.658944595
23S:462,C,C,0.023255814,0.860465116,0.054263566,0.062015504,0,0.789626223
23S:463,G,G,0,0,1,0,0,0
23S:464,U,U,0,0.093023256,0,0.906976744,0,0.446481347
23S:465,G,G,0.054263566,0,0.945736434,0,0,0.304239351
23S:466,A,A,1,0,0,0,0,0
23S:467,G,G,0.062015504,0.054263566,0.860465116,0.023255814,0,0.789626223
23S:468,G,G,0,0.162790698,0.821705426,0.007751938,0.007751938,0.741424042
23S:469,G,G,0.007751938,0,0.968992248,0.015503876,0.007751938,0.225488827
23S:470,A,A,0.992248062,0,0,0,0.007751938,0.060754188
23S:471,A,A,0.992248062,0,0,0,0.007751938,0.060754188
23S:472,A,A,0.852713178,0.085271318,0.023255814,0.031007752,0.007751938,0.796595587
23S:473,G,G,0.023255814,0,0.976744186,0,0,0.159350063
23S:474,G,G,0.093023256,0.263565891,0.542635659,0.100775194,0,1.637980634
23S:475,U,U,0,0.139534884,0.007751938,0.852713178,0,0.646822461
23S:476,G,G,0.007751938,0,0.976744186,0.015503876,0,0.18070578
23S:477,A,A,0.945736434,0.03875969,0.015503876,0,0,0.351075351
23S:478,A,A,0.992248062,0,0.007751938,0,0,0.065490821
23S:479,A,A,1,0,0,0,0,0
23S:480,A,A,1,0,0,0,0,0
23S:481,G,G,0,0,1,0,0,0
23S:482,A,A,0.496124031,0.279069767,0.03875969,0.186046512,0,1.648699809
23S:483,A,A,1,0,0,0,0,0
23S:484,C,C,0.03875969,0.953488372,0,0.007751938,0,0.301623189
23S:485,C,C,0,0.782945736,0.007751938,0.209302326,0,0.802999951
23S:486,C,C,0,0.790697674,0.023255814,0.186046512,0,0.845480183
23S:487,C,C,0.007751938,0.736434109,0.007751938,0.248062016,0,0.93265142
23S:488,G,G,0.015503876,0.023255814,0.829457364,0.131782946,0,0.828446454
23S:489,G,A,0.379844961,0.100775194,0.201550388,0.108527132,0.209302326,1.863734924
23S:491,G,G,0.426356589,0.03875969,0.449612403,0.085271318,0,1.527498029
23S:492,A,A,0.899224806,0.015503876,0.07751938,0.007751938,0,0.571342942
23S:493,G,G,0.062015504,0.007751938,0.92248062,0,0.007751938,0.440787471
23S:494,G,G,0.209302326,0.023255814,0.674418605,0,0.093023256,1.183799666
23S:495,G,G,0.015503876,0,0.984496124,0,0,0.115390393
23S:496,G,G,0.062015504,0.046511628,0.682170543,0.031007752,0.178294574,1.275372233
23S:497,A,A,0.720930233,0.007751938,0.23255814,0.03875969,0,1.065815412
23S:498,G,G,0.015503876,0,0.96124031,0.023255814,0,0.274209969
23S:499,U,U,0,0.023255814,0.007751938,0.968992248,0,0.224576689
23S:500,G,G,0.007751938,0.023255814,0.821705426,0.139534884,0.007751938,0.828314198
23S:501,A,A,0.860465116,0.139534884,0,0,0,0.583019417
23S:502,A,A,0.992248062,0.007751938,0,0,0,0.065490821
23S:503,A,A,0.976744186,0.007751938,0,0.007751938,0.007751938,0.177526155
23S:504,U,U,0.085271318,0.062015504,0.147286822,0.472868217,0.23255814,1.723087567
23S:505,A,A,0.953488372,0,0.007751938,0.007751938,0.031007752,0.295565686
23S:506,G,G,0,0,0.992248062,0,0.007751938,0.060754188
23S:507,A,A,0.573643411,0.015503876,0.093023256,0.302325581,0.015503876,1.416805419
23S:508,G,A,0.496124031,0.046511628,0.364341085,0.093023256,0,1.557002441
23S:509,C,C,0,0.96124031,0,0.03875969,0,0.236576225
23S:510,C,C,0.054263566,0.744186047,0.108527132,0.093023256,0,1.211766764
23S:511,U,U,0,0,0,0.976744186,0.023255814,0.154470425
23S:512,G,G,0,0,1,0,0,0
23S:513,A,A,1,0,0,0,0,0
23S:514,A,A,0.992248062,0.007751938,0,0,0,0.065490821
23S:515,A,A,0.96124031,0.023255814,0.007751938,0.007751938,0,0.289713845
23S:516,C,C,0,0.80620155,0,0.19379845,0,0.709350237
23S:517,C,C,0,0.868217054,0.007751938,0.124031008,0,0.604841587
23S:518,G,G,0.186046512,0.007751938,0.759689922,0.046511628,0,1.012851754
23S:519,U,U,0.062015504,0.11627907,0.333333333,0.488372093,0,1.642999515
23S:520,G,G,0.294573643,0.085271318,0.364341085,0.255813953,0,1.856144501
23S:521,G,U,0.147286822,0.201550388,0.11627907,0.534883721,0,1.716548171
23S:522,G,G,0.271317829,0.015503876,0.713178295,0,0,0.951594654
23S:523,C,C,0.07751938,0.519379845,0.387596899,0.015503876,0,1.400063952
23S:524,U,C,0.224806202,0.341085271,0.162790698,0.271317829,0,1.950296933
23S:525,U,U,0.023255814,0.031007752,0.333333333,0.612403101,0,1.243142363
23S:526,A,A,0.790697674,0.007751938,0.201550388,0,0,0.787980608
23S:527,C,C,0.031007752,0.604651163,0.108527132,0.248062016,0.007751938,1.450789631
23S:528,A,A,0.868217054,0.062015504,0.062015504,0,0.007751938,0.699450752
23S:529,A,A,0.720930233,0.031007752,0.224806202,0.015503876,0.007751938,1.087971956
23S:530,G,G,0.240310078,0.11627907,0.589147287,0.046511628,0.007751938,1.519643196
23S:531,C,C,0.07751938,0.558139535,0.131782946,0.108527132,0.124031008,1.620197985
23S:532,A,A,0.441860465,0.054263566,0.271317829,0.046511628,0.186046512,1.682905289
23S:533,G,G,0.139534884,0.023255814,0.643410853,0.069767442,0.124031008,1.380213453
23S:534,U,U,0.062015504,0.124031008,0.046511628,0.643410853,0.124031008,1.404921232
23S:535,C,G,0.240310078,0.240310078,0.294573643,0.093023256,0.131782946,1.926816376
23S:536,A,G,0.178294574,0.248062016,0.480620155,0.054263566,0.03875969,1.715284445
23S:537,C,G,0.03875969,0.054263566,0.852713178,0.007751938,0.046511628,0.767805152
23S:538,G,A,0.565891473,0.054263566,0.356589147,0,0.023255814,1.278760735
23S:539,G,G,0.062015504,0.286821705,0.604651163,0.031007752,0.015503876,1.38164178
23S:540,C,C,0.147286822,0.573643411,0.069767442,0.186046512,0.023255814,1.609265683
23S:541,C,C,0.11627907,0.457364341,0.170542636,0.209302326,0.046511628,1.820576618
