resNum,resName,Consensus,A,C,G,U,Gaps,Shannon
23S:2,G,-,0.106557377,0,0.213114754,0,0.680327869,0.261978143
23S:3,U,-,0.016393443,0.016393443,0.032786885,0.352459016,0.581967213,0.370535421
23S:4,C,-,0.016393443,0.245901639,0.024590164,0.163934426,0.549180328,0.52025472
23S:5,A,-,0.409836066,0.057377049,0.032786885,0.016393443,0.483606557,0.528211904
23S:6,A,A,0.459016393,0.049180328,0,0.049180328,0.442622951,0.52566464
23S:7,G,-,0.081967213,0.057377049,0.393442623,0.040983607,0.426229508,0.717650533
23S:8,A,-,0.114754098,0.229508197,0.081967213,0.18852459,0.385245902,0.980760486
23S:9,U,-,0.073770492,0.049180328,0.270491803,0.229508197,0.37704918,0.927410342
23S:10,G,-,0.204918033,0.114754098,0.196721311,0.106557377,0.37704918,1.017104301
23S:11,G,U,0.155737705,0.245901639,0.090163934,0.254098361,0.254098361,1.290935169
23S:12,U,-,0.139344262,0.024590164,0.098360656,0.31147541,0.426229508,0.792316203
23S:13,A,A,0.590163934,0.040983607,0.040983607,0.229508197,0.098360656,1.184852305
23S:14,A,A,0.852459016,0.008196721,0.081967213,0,0.057377049,0.517436506
23S:15,G,G,0.204918033,0.057377049,0.549180328,0.147540984,0.040983607,1.522334397
23S:16,G,G,0.090163934,0.229508197,0.557377049,0.081967213,0.040983607,1.50195982
23S:17,G,G,0.008196721,0.278688525,0.557377049,0.12295082,0.032786885,1.366009646
23S:18,C,C,0.016393443,0.737704918,0,0.221311475,0.024590164,0.880339373
23S:19,C,A,0.426229508,0.024590164,0.319672131,0.204918033,0.024590164,1.609849166
23S:20,C,C,0.090163934,0.426229508,0.081967213,0.37704918,0.024590164,1.622842105
23S:21,A,A,0.43442623,0.295081967,0.12295082,0.12295082,0.024590164,1.741777681
23S:22,C,C,0.057377049,0.549180328,0.008196721,0.368852459,0.016393443,1.277685818
23S:23,G,G,0.12295082,0.008196721,0.860655738,0,0.008196721,0.609878368
23S:24,G,G,0.12295082,0,0.868852459,0,0.008196721,0.54351056
23S:25,U,U,0.016393443,0.12295082,0.06557377,0.786885246,0.008196721,0.990660744
23S:26,G,G,0,0,0.991803279,0,0.008196721,0.011680241
23S:27,G,G,0.06557377,0,0.926229508,0,0.008196721,0.357203602
23S:28,A,A,0.983606557,0,0.008196721,0,0.008196721,0.079607223
23S:29,U,U,0,0.008196721,0,0.983606557,0.008196721,0.079607223
23S:30,G,G,0.106557377,0.073770492,0.81147541,0.008196721,0,0.923021381
23S:31,C,C,0.032786885,0.581967213,0.278688525,0.106557377,0,1.474085711
23S:32,C,C,0.008196721,0.975409836,0,0.016393443,0,0.189070831
23S:33,U,U,0.008196721,0.057377049,0.008196721,0.918032787,0.008196721,0.459676286
23S:34,C,U,0.131147541,0.262295082,0.155737705,0.450819672,0,1.826758592
23S:35,G,G,0.008196721,0,0.991803279,0,0,0.068586094
23S:36,G,G,0.008196721,0.016393443,0.852459016,0,0.12295082,0.307277519
23S:37,C,C,0.024590164,0.819672131,0.016393443,0.139344262,0,0.860021151
23S:38,A,U,0.401639344,0.008196721,0.131147541,0.459016393,0,1.485387682
23S:39,C,U,0.172131148,0.147540984,0.286885246,0.393442623,0,1.890569948
23S:40,C,C,0.270491803,0.327868852,0.295081967,0.106557377,0,1.901514828
23S:41,C,G,0.442622951,0.016393443,0.524590164,0.016393443,0,1.203164181
23S:42,G,G,0.073770492,0.221311475,0.418032787,0.032786885,0.254098361,1.079063606
23S:43,A,A,0.614754098,0.180327869,0.024590164,0.032786885,0.147540984,0.997606921
23S:44,G,G,0.12295082,0,0.860655738,0.008196721,0.008196721,0.609878368
23S:45,C,C,0.024590164,0.450819672,0.401639344,0.114754098,0.008196721,1.524009754
23S:47,C,C,0,0.901639344,0,0.090163934,0.008196721,0.444001887
23S:48,G,G,0,0,0.967213115,0.032786885,0,0.208180946
23S:49,A,A,0.975409836,0,0.016393443,0.008196721,0,0.189070831
23S:50,U,U,0.204918033,0.114754098,0.049180328,0.631147541,0,1.459821663
23S:51,G,G,0,0,1,0,0,0
23S:52,A,A,1,0,0,0,0,0
23S:53,A,A,0.975409836,0.016393443,0.008196721,0,0,0.189070831
23S:54,G,G,0.032786885,0,0.967213115,0,0,0.208180946
23S:55,G,G,0.139344262,0,0.860655738,0,0,0.582518914
23S:56,A,A,0.745901639,0.049180328,0.18852459,0.016393443,0,1.080237237
23S:57,C,C,0,0.991803279,0,0.008196721,0,0.068586094
23S:58,G,G,0,0,1,0,0,0
23S:59,U,U,0,0.196721311,0.032786885,0.770491803,0,0.912946747
23S:60,G,G,0.196721311,0,0.778688525,0.024590164,0,0.873931843
23S:61,G,G,0.131147541,0.245901639,0.581967213,0.040983607,0,1.525422552
23S:62,C,C,0.06557377,0.590163934,0.024590164,0.319672131,0,1.364178533
23S:63,U,A,0.754098361,0,0.106557377,0.139344262,0,1.047456316
23S:64,A,A,0.737704918,0.090163934,0.147540984,0.016393443,0.008196721,1.131956799
23S:65,C,G,0.18852459,0.221311475,0.491803279,0.090163934,0.008196721,1.737510465
23S:66,C,C,0.081967213,0.868852459,0.016393443,0.024590164,0.008196721,0.694957218
23S:67,U,U,0.032786885,0.024590164,0.12295082,0.803278689,0.016393443,0.903697952
23S:68,G,G,0.06557377,0.032786885,0.893442623,0,0.008196721,0.56002031
23S:69,C,C,0,0.967213115,0,0.016393443,0.016393443,0.141386192
23S:70,G,G,0.008196721,0,0.975409836,0.008196721,0.008196721,0.147436468
23S:71,A,A,0.959016393,0.016393443,0.008196721,0.008196721,0.008196721,0.266539373
23S:72,U,U,0.344262295,0,0.032786885,0.614754098,0.008196721,1.113587651
23S:73,A,A,0.983606557,0,0,0.008196721,0.008196721,0.079607223
23S:74,A,A,0.680327869,0.163934426,0.008196721,0.139344262,0.008196721,1.248416239
23S:75,G,G,0.016393443,0.008196721,0.918032787,0.040983607,0.016393443,0.44871074
23S:76,C,C,0.016393443,0.844262295,0,0.131147541,0.008196721,0.682146553
23S:77,C,C,0.090163934,0.450819672,0.147540984,0.303278689,0.008196721,1.746079925
23S:78,A,U,0.18852459,0.336065574,0.106557377,0.360655738,0.008196721,1.842127877
23S:79,G,C,0.057377049,0.459016393,0.213114754,0.262295082,0.008196721,1.719757823
23S:80,G,G,0.040983607,0,0.926229508,0.024590164,0.008196721,0.419276439
23S:81,G,G,0.040983607,0.008196721,0.819672131,0,0.131147541,0.417781996
23S:82,G,G,0.024590164,0.106557377,0.672131148,0.18852459,0.008196721,1.303956489
23S:83,G,G,0.090163934,0.016393443,0.770491803,0.114754098,0.008196721,1.049776205
23S:84,A,A,0.991803279,0,0,0,0.008196721,0.011680241
23S:85,G,G,0.12295082,0.032786885,0.81147541,0.024590164,0.008196721,0.902009849
23S:86,C,C,0.049180328,0.491803279,0.245901639,0.213114754,0,1.690234376
23S:87,C,U,0.040983607,0.401639344,0.008196721,0.549180328,0,1.24911112
23S:88,G,G,0.024590164,0,0.975409836,0,0,0.166489786
23S:89,G,C,0.090163934,0.573770492,0.221311475,0.114754098,0,1.612798891
23S:90,U,-,0.057377049,0.147540984,0.024590164,0.12295082,0.647540984,0.404326321
23S:92,A,A,0.770491803,0,0.073770492,0.016393443,0.139344262,0.571889818
23S:93,G,A,0.557377049,0.090163934,0.147540984,0.18852459,0.016393443,1.617199821
23S:94,C,G,0.221311475,0.090163934,0.581967213,0.040983607,0.06557377,1.343633382
23S:94A,G,A,0.836065574,0.016393443,0.12295082,0.024590164,0,0.816428884
23S:95,G,G,0.295081967,0.090163934,0.475409836,0.131147541,0.008196721,1.71277331
23S:96,G,G,0.06557377,0.385245902,0.43442623,0.106557377,0.008196721,1.641093322
23S:97,C,C,0.032786885,0.803278689,0.090163934,0.049180328,0.024590164,0.919065172
23S:98,G,U,0.131147541,0.073770492,0.204918033,0.524590164,0.06557377,1.512532199
23S:99,U,U,0.180327869,0.024590164,0.12295082,0.655737705,0.016393443,1.326002345
23S:100,G,U,0.180327869,0.057377049,0.081967213,0.655737705,0.024590164,1.34338907
23S:102,G,G,0.008196721,0.008196721,0.893442623,0.057377049,0.032786885,0.479194083
23S:103,A,A,0.975409836,0,0.008196721,0.008196721,0.008196721,0.147436468
23S:104,U,U,0.245901639,0.090163934,0.057377049,0.590163934,0.016393443,1.471716718
23S:105,C,C,0.008196721,0.93442623,0.008196721,0.049180328,0,0.418776382
23S:106,C,C,0.131147541,0.81147541,0.016393443,0.040983607,0,0.915032863
23S:107,C,G,0.131147541,0.213114754,0.475409836,0.180327869,0,1.815312534
23S:108,U,G,0.12295082,0.180327869,0.56557377,0.131147541,0,1.666810763
23S:109,G,G,0.319672131,0.139344262,0.508196721,0.016393443,0.016393443,1.490815005
23S:110,G,G,0.139344262,0.008196721,0.844262295,0.008196721,0,0.716012562
23S:111,A,A,0.844262295,0.032786885,0.114754098,0.008196721,0,0.783093705
23S:112,U,U,0.040983607,0.024590164,0,0.93442623,0,0.41177021
23S:113,G,C,0.098360656,0.344262295,0.213114754,0.344262295,0,1.863641877
23S:114,U,U,0.016393443,0.180327869,0.049180328,0.754098361,0,1.063647415
23S:115,C,C,0,0.860655738,0,0.139344262,0,0.582518914
23S:116,C,C,0,0.852459016,0.008196721,0.139344262,0,0.649322592
23S:117,G,G,0.008196721,0.008196721,0.918032787,0.06557377,0,0.484641016
23S:118,A,A,0.991803279,0.008196721,0,0,0,0.068586094
23S:119,A,A,0.983606557,0.008196721,0.008196721,0,0,0.137074457
23S:120,U,U,0,0.139344262,0,0.860655738,0,0.582518914
23S:121,G,G,0.032786885,0.008196721,0.959016393,0,0,0.276371172
23S:122,G,G,0.073770492,0.081967213,0.836065574,0.008196721,0,0.846016101
23S:123,G,G,0.106557377,0.016393443,0.860655738,0.016393443,0,0.724987373
23S:124,G,G,0.295081967,0.016393443,0.573770492,0.114754098,0,1.435080943
23S:125,G,A,0.37704918,0.368852459,0.106557377,0.139344262,0.008196721,1.786948177
23S:126,A,A,0.614754098,0.106557377,0.131147541,0.147540984,0,1.567411369
23S:127,A,A,0.549180328,0.18852459,0.008196721,0.237704918,0.016393443,1.453940856
23S:128,C,C,0.032786885,0.819672131,0.106557377,0.024590164,0.016393443,0.858174612
23S:129,C,C,0,0.885245902,0.040983607,0.057377049,0.016393443,0.571616544
23S:130,C,C,0.032786885,0.704918033,0.008196721,0.237704918,0.016393443,1.049300694
23S:131,G,A,0.401639344,0.147540984,0.37704918,0.057377049,0.016393443,1.675144158
23S:132,G,C,0.180327869,0.401639344,0.270491803,0.098360656,0.049180328,1.724355877
23S:133,C,U,0.081967213,0.254098361,0.131147541,0.319672131,0.213114754,1.344288511
23S:134,C,G,0.172131148,0.147540984,0.319672131,0.114754098,0.245901639,1.303581797
23S:135,G,-,0.196721311,0.204918033,0.180327869,0.18852459,0.229508197,1.409648759
23S:136,G,-,0.18852459,0.196721311,0.147540984,0.213114754,0.254098361,1.341069947
23S:137,C,U,0.12295082,0.180327869,0.245901639,0.360655738,0.090163934,1.679313368
23S:139,G,C,0.262295082,0.286885246,0.286885246,0.106557377,0.057377049,1.776143216
23S:139A,G,C,0.229508197,0.286885246,0.18852459,0.245901639,0.049180328,1.859445123
23S:140,G,G,0.172131148,0.270491803,0.344262295,0.147540984,0.06557377,1.76058465
23S:141,A,U,0.229508197,0.254098361,0.12295082,0.295081967,0.098360656,1.695927621
23S:142,A,C,0.237704918,0.270491803,0.254098361,0.081967213,0.155737705,1.520503414
23S:142A,C,-,0.139344262,0.18852459,0.229508197,0.196721311,0.245901639,1.356474628
23S:143,G,G,0.049180328,0.172131148,0.368852459,0.090163934,0.319672131,1.016675393
23S:143A,C,U,0.049180328,0.221311475,0.147540984,0.303278689,0.278688525,1.171863456
23S:144,C,-,0.18852459,0.221311475,0.163934426,0.139344262,0.286885246,1.254525683
23S:145,G,G,0.114754098,0.163934426,0.286885246,0.18852459,0.245901639,1.324737408
23S:146,G,G,0.163934426,0.114754098,0.303278689,0.196721311,0.221311475,1.377957267
23S:147,U,U,0.032786885,0.286885246,0.098360656,0.327868852,0.254098361,1.144992755
23S:148,C,-,0.352459016,0.057377049,0.049180328,0.163934426,0.37704918,0.877272186
23S:149,A,-,0.040983607,0.155737705,0.12295082,0.270491803,0.409836066,0.878591853
23S:150,C,-,0.016393443,0.303278689,0.06557377,0.204918033,0.409836066,0.794142532
23S:151,C,-,0.131147541,0.254098361,0.098360656,0.114754098,0.401639344,0.941884516
23S:152,G,-,0.073770492,0.172131148,0.172131148,0.278688525,0.303278689,1.160054006
23S:153,C,-,0.081967213,0.180327869,0.221311475,0.204918033,0.31147541,1.164717184
23S:154,G,A,0.327868852,0.049180328,0.18852459,0.106557377,0.327868852,1.034563663
23S:154A,C,-,0.221311475,0.090163934,0.213114754,0.12295082,0.352459016,1.063016801
23S:155,U,-,0.073770492,0.270491803,0.073770492,0.073770492,0.508196721,0.660271134
23S:156,U,U,0.049180328,0.073770492,0.040983607,0.426229508,0.409836066,0.710816094
23S:157,U,A,0.524590164,0.18852459,0.090163934,0.131147541,0.06557377,1.53191049
23S:158,U,A,0.581967213,0.06557377,0.040983607,0.106557377,0.204918033,0.990164579
23S:171,G,G,0.163934426,0.18852459,0.327868852,0.131147541,0.18852459,1.455237382
23S:172,C,G,0.262295082,0.131147541,0.319672131,0.254098361,0.032786885,1.856067964
23S:173,G,G,0.163934426,0.057377049,0.581967213,0.155737705,0.040983607,1.473611651
23S:174,C,G,0.409836066,0.040983607,0.442622951,0.081967213,0.024590164,1.494872237
23S:175,G,-,0.016393443,0.073770492,0.098360656,0.06557377,0.745901639,0.24431762
23S:176,G,A,0.459016393,0.008196721,0.393442623,0.139344262,0,1.498139436
23S:177,G,G,0.336065574,0.147540984,0.385245902,0.057377049,0.073770492,1.577155337
23S:178,G,G,0.024590164,0,0.975409836,0,0,0.166489786
23S:179,G,C,0.131147541,0.442622951,0.418032787,0.008196721,0,1.487642112
23S:180,G,G,0.172131148,0.081967213,0.672131148,0.073770492,0,1.39543786
23S:181,A,A,0.762295082,0.040983607,0.057377049,0.098360656,0.040983607,1.009905766
23S:182,A,A,0.991803279,0,0.008196721,0,0,0.068586094
23S:183,C,C,0.008196721,0.967213115,0.008196721,0.016393443,0,0.257361273
23S:184,C,C,0,0.606557377,0.344262295,0.049180328,0,1.180846716
23S:185,U,C,0.049180328,0.68852459,0.147540984,0.114754098,0,1.350195883
23S:186,G,G,0.155737705,0.18852459,0.614754098,0.040983607,0,1.492019387
23S:187,G,G,0.008196721,0.368852459,0.62295082,0,0,1.012902253
23S:188,G,G,0.040983607,0.286885246,0.418032787,0.254098361,0,1.733947796
23S:189,G,G,0.008196721,0.008196721,0.967213115,0,0.016393443,0.15751089
23S:190,A,A,0.959016393,0,0.032786885,0,0.008196721,0.217762162
23S:191,A,A,0.967213115,0,0.024590164,0,0.008196721,0.176512128
23S:192,C,C,0.040983607,0.62295082,0.106557377,0.221311475,0.008196721,1.428191904
23S:193,U,U,0.008196721,0.008196721,0.098360656,0.885245902,0,0.598381598
23S:194,G,G,0,0,0.860655738,0.139344262,0,0.582518914
23S:195,A,A,0.991803279,0,0.008196721,0,0,0.068586094
23S:196,A,A,0.983606557,0,0.008196721,0,0.008196721,0.079607223
23S:197,A,A,0.795081967,0.024590164,0.180327869,0,0,0.840131364
23S:198,C,C,0,0.975409836,0.008196721,0.016393443,0,0.189070831
23S:199,A,A,0.991803279,0,0,0,0.008196721,0.011680241
23S:200,U,U,0,0,0.016393443,0.983606557,0,0.120681014
23S:201,C,C,0.139344262,0.860655738,0,0,0,0.582518914
23S:202,U,U,0,0.024590164,0,0.967213115,0.008196721,0.176512128
23S:203,C,U,0.31147541,0.319672131,0.024590164,0.336065574,0.008196721,1.69624998
23S:204,A,A,0.983606557,0,0.008196721,0.008196721,0,0.137074457
23S:205,G,G,0.073770492,0.032786885,0.87704918,0.016393443,0,0.702325103
23S:206,U,U,0,0.008196721,0,0.991803279,0,0.068586094
23S:207,A,A,0.967213115,0.024590164,0,0.008196721,0,0.234780228
23S:208,C,C,0.221311475,0.450819672,0.319672131,0.008196721,0,1.582479687
23S:209,C,C,0.008196721,0.62295082,0.360655738,0.008196721,0,1.069610434
23S:210,C,C,0.040983607,0.56557377,0.18852459,0.204918033,0,1.576342602
23S:211,A,G,0.106557377,0.147540984,0.68852459,0.057377049,0,1.358847876
23S:212,G,G,0.040983607,0.254098361,0.62295082,0.081967213,0,1.412282435
23S:213,A,A,0.959016393,0.008196721,0.016393443,0.008196721,0.008196721,0.266539373
23S:214,G,G,0.008196721,0.008196721,0.983606557,0,0,0.137074457
23S:215,G,G,0,0,1,0,0,0
23S:216,A,A,0.991803279,0,0,0.008196721,0,0.068586094
23S:217,G,A,0.860655738,0.008196721,0.131147541,0,0,0.627493244
23S:218,A,A,0.729508197,0.049180328,0.213114754,0,0.008196721,1.012596474
23S:219,G,A,0.893442623,0,0.098360656,0,0.008196721,0.470436492
23S:220,G,G,0,0,0.967213115,0.024590164,0.008196721,0.176512128
23S:221,A,A,0.983606557,0.008196721,0,0,0.008196721,0.079607223
23S:222,A,A,0.901639344,0.090163934,0,0,0.008196721,0.444001887
23S:223,A,A,0.967213115,0.016393443,0.008196721,0,0.008196721,0.198908083
23S:224,G,U,0.12295082,0.18852459,0.237704918,0.442622951,0.008196721,1.823686896
23S:225,A,C,0.081967213,0.778688525,0,0.131147541,0.008196721,0.953298989
23S:226,G,A,0.918032787,0,0.06557377,0.008196721,0.008196721,0.424324876
23S:227,A,A,0.950819672,0.024590164,0,0.016393443,0.008196721,0.295415394
23S:228,A,C,0.286885246,0.508196721,0.024590164,0.163934426,0.016393443,1.546438761
23S:229,A,C,0.327868852,0.459016393,0.016393443,0.180327869,0.016393443,1.559999883
23S:230,U,G,0.131147541,0,0.778688525,0.073770492,0.016393443,0.927354523
23S:231,C,A,0.442622951,0.229508197,0.18852459,0.131147541,0.008196721,1.8308317
23S:232,G,G,0,0,0.983606557,0,0.016393443,0.02307129
23S:233,A,A,0.991803279,0,0,0.008196721,0,0.068586094
23S:234,C,U,0,0.090163934,0,0.909836066,0,0.437016772
23S:235,U,U,0.049180328,0.073770492,0.163934426,0.713114754,0,1.266690239
23S:236,C,C,0.008196721,0.81147541,0.057377049,0.114754098,0.008196721,0.889033429
23S:237,C,C,0,0.93442623,0,0.06557377,0,0.349184374
23S:238,C,C,0,0.540983607,0.442622951,0.016393443,0,1.097180477
23S:239,U,U,0.049180328,0.213114754,0.049180328,0.68852459,0,1.273477943
23S:240,G,U,0.163934426,0.18852459,0.237704918,0.393442623,0.016393443,1.872467171
23S:241,A,A,0.983606557,0,0.008196721,0,0.008196721,0.079607223
23S:242,G,G,0,0.008196721,0.991803279,0,0,0.068586094
23S:243,U,U,0,0,0.008196721,0.991803279,0,0.068586094
23S:244,A,A,0.991803279,0.008196721,0,0,0,0.068586094
23S:245,G,G,0.229508197,0,0.770491803,0,0,0.777152994
23S:246,C,C,0.057377049,0.483606557,0.131147541,0.327868852,0,1.655290221
23S:247,G,G,0,0.032786885,0.967213115,0,0,0.208180946
23S:248,G,G,0.016393443,0.016393443,0.959016393,0.008196721,0,0.309158057
23S:249,C,C,0,0.975409836,0.008196721,0.008196721,0.008196721,0.147436468
23S:250,G,G,0.008196721,0,0.991803279,0,0,0.068586094
23S:251,A,A,0.991803279,0.008196721,0,0,0,0.068586094
23S:252,G,G,0.040983607,0.131147541,0.770491803,0.057377049,0,1.099651461
23S:253,C,C,0,0.795081967,0.008196721,0.196721311,0,0.781305815
23S:254,G,G,0.008196721,0,0.991803279,0,0,0.068586094
23S:255,A,A,0.991803279,0,0.008196721,0,0,0.068586094
23S:256,A,A,0.983606557,0.008196721,0.008196721,0,0,0.137074457
23S:257,A,C,0.43442623,0.442622951,0.114754098,0,0.008196721,1.389927258
23S:258,G,G,0.180327869,0.237704918,0.516393443,0.06557377,0,1.688462095
23S:259,G,G,0.008196721,0.409836066,0.549180328,0.024590164,0.008196721,1.180762494
23S:260,G,G,0.008196721,0,0.983606557,0,0.008196721,0.079607223
23S:261,G,G,0.114754098,0.057377049,0.819672131,0.008196721,0,0.886966253
23S:262,A,A,0.704918033,0.155737705,0.081967213,0.057377049,0,1.305818017
23S:263,C,A,0.581967213,0.131147541,0.172131148,0.106557377,0.008196721,1.606743994
23S:264,C,G,0.131147541,0.344262295,0.385245902,0.139344262,0,1.840328517
23S:265,A,A,0.975409836,0.008196721,0.008196721,0.008196721,0,0.205464273
23S:266,G,G,0.008196721,0,0.991803279,0,0,0.068586094
23S:267,C,C,0.008196721,0.655737705,0.229508197,0.098360656,0.008196721,1.262024817
23S:268,C,C,0.016393443,0.754098361,0.073770492,0.147540984,0.008196721,1.080118831
23S:269,U,C,0,0.62295082,0,0.098360656,0.278688525,0.544193116
23S:270,A,A,0.704918033,0.008196721,0.008196721,0,0.278688525,0.338461319
23S:271,A,A,0.655737705,0.016393443,0.049180328,0,0.278688525,0.512254498
23S:271A,A,A,0.639344262,0.057377049,0.024590164,0,0.278688525,0.563079037
23S:271B,C,C,0.024590164,0.606557377,0.032786885,0.057377049,0.278688525,0.697655798
23S:271C,C,C,0,0.508196721,0.016393443,0.18852459,0.286885246,0.74685357
23S:271D,G,A,0.467213115,0.016393443,0.18852459,0.040983607,0.286885246,0.893426709
23S:271E,U,A,0.483606557,0.049180328,0.090163934,0.090163934,0.286885246,0.960255415
23S:271F,C,-,0.18852459,0.073770492,0.090163934,0.073770492,0.573770492,0.563335728
23S:271G,C,-,0.180327869,0.081967213,0.081967213,0.081967213,0.573770492,0.568188401
23S:271H,G,-,0.098360656,0.073770492,0.098360656,0.12295082,0.606557377,0.514389492
23S:271I,G,-,0.032786885,0.254098361,0.163934426,0.237704918,0.31147541,1.090813932
23S:271J,C,-,0,0.098360656,0.262295082,0.204918033,0.43442623,0.737586642
23S:271K,U,-,0.204918033,0.057377049,0.06557377,0.262295082,0.409836066,0.867179141
23S:271L,U,-,0.172131148,0.229508197,0.040983607,0.262295082,0.295081967,1.141673498
23S:271M,G,-,0.237704918,0.049180328,0.278688525,0.090163934,0.344262295,1.005322648
23S:271N,U,-,0.032786885,0.06557377,0.024590164,0.040983607,0.836065574,0.121271458
23S:271O,C,-,0.237704918,0.155737705,0.262295082,0.024590164,0.319672131,1.053416549
23S:271P,C,-,0.131147541,0.073770492,0.049180328,0.12295082,0.62295082,0.470296096
23S:271Q,G,-,0.114754098,0.040983607,0.155737705,0.106557377,0.581967213,0.547344225
23S:271R,G,-,0.049180328,0.06557377,0.106557377,0.213114754,0.56557377,0.560844814
23S:271S,G,U,0.032786885,0.049180328,0.081967213,0.56557377,0.270491803,0.82887905
23S:271T,C,G,0.024590164,0.114754098,0.426229508,0.139344262,0.295081967,0.994256961
23S:271U,G,G,0.090163934,0.016393443,0.62295082,0,0.270491803,0.609554232
23S:271V,G,G,0.057377049,0,0.655737705,0.008196721,0.278688525,0.499591879
23S:271W,G,G,0.008196721,0.032786885,0.426229508,0.254098361,0.278688525,0.89810335
23S:271X,G,U,0,0.090163934,0.098360656,0.540983607,0.270491803,0.818199133
23S:271Y,U,U,0.032786885,0.024590164,0.049180328,0.62295082,0.270491803,0.680047957
23S:271Z,C,-,0.008196721,0.008196721,0,0.008196721,0.975409836,0.004190852
23S:272,G,G,0.090163934,0.008196721,0.516393443,0.008196721,0.37704918,0.572469615
23S:272A,U,U,0.090163934,0.114754098,0.114754098,0.393442623,0.286885246,1.111969555
23S:272B,G,A,0.368852459,0.057377049,0.213114754,0.049180328,0.31147541,1.002739305
23S:272C,G,G,0.081967213,0.024590164,0.598360656,0.024590164,0.270491803,0.730999349
23S:272D,G,G,0.008196721,0.073770492,0.631147541,0.024590164,0.262295082,0.652684936
23S:272E,G,A,0.360655738,0.237704918,0.172131148,0.106557377,0.12295082,1.582628581
23S:272F,C,C,0.081967213,0.540983607,0.12295082,0.18852459,0.06557377,1.495920498
23S:272G,C,C,0.213114754,0.344262295,0.106557377,0.319672131,0.016393443,1.844369631
23S:272H,C,A,0.286885246,0.237704918,0.278688525,0.155737705,0.040983607,1.861478762
23S:272I,U,C,0.18852459,0.286885246,0.237704918,0.237704918,0.049180328,1.859832917
23S:272J,C,C,0.073770492,0.360655738,0.327868852,0.163934426,0.073770492,1.633150017
23S:274,G,-,0.06557377,0.114754098,0.081967213,0.155737705,0.581967213,0.555897024
23S:275,G,-,0.024590164,0.008196721,0.032786885,0.016393443,0.918032787,0.036651764
23S:276,A,-,0.180327869,0.106557377,0.073770492,0.155737705,0.483606557,0.766900526
23S:277,C,-,0.098360656,0.147540984,0.06557377,0.278688525,0.409836066,0.889895386
23S:278,A,-,0.180327869,0.163934426,0.090163934,0.106557377,0.459016393,0.827984911
23S:279,C,-,0.221311475,0.049180328,0.155737705,0.155737705,0.418032787,0.890931545
23S:280,C,-,0.163934426,0.147540984,0.254098361,0.131147541,0.303278689,1.199476416
23S:281,G,G,0.172131148,0.254098361,0.368852459,0.180327869,0.024590164,1.86845436
23S:282,A,A,0.385245902,0.090163934,0.270491803,0.229508197,0.024590164,1.79545268
23S:283,A,G,0.18852459,0.155737705,0.31147541,0.262295082,0.081967213,1.746284891
23S:284,U,C,0.12295082,0.368852459,0.106557377,0.237704918,0.163934426,1.454283263
23S:285,C,G,0.204918033,0.229508197,0.278688525,0.278688525,0.008196721,1.96709874
23S:286,C,G,0.245901639,0.270491803,0.303278689,0.180327869,0,1.975581649
23S:287,C,G,0.229508197,0.18852459,0.327868852,0.254098361,0,1.970859696
23S:288,C,G,0.229508197,0.237704918,0.278688525,0.221311475,0.032786885,1.910514819
23S:289,A,G,0.254098361,0.114754098,0.368852459,0.245901639,0.016393443,1.858091793
23S:290,G,G,0.229508197,0.221311475,0.262295082,0.262295082,0.024590164,1.932989203
23S:291,C,U,0.139344262,0.237704918,0.295081967,0.319672131,0.008196721,1.918593967
23S:292,C,U,0.196721311,0.196721311,0.237704918,0.352459016,0.016393443,1.913997155
23S:293,U,U,0.131147541,0.06557377,0.229508197,0.549180328,0.024590164,1.56484384
23S:294,A,A,0.778688525,0,0.008196721,0.016393443,0.196721311,0.349465579
23S:295,G,G,0.12295082,0.073770492,0.713114754,0.090163934,0,1.310060978
23S:296,C,C,0.139344262,0.467213115,0.139344262,0.254098361,0,1.807552477
23S:297,C,C,0.229508197,0.426229508,0.163934426,0.180327869,0,1.885041758
23S:298,G,G,0.057377049,0.040983607,0.81147541,0.090163934,0,0.983022763
23S:299,A,A,0.983606557,0.008196721,0,0.008196721,0,0.137074457
23S:300,A,A,0.959016393,0.008196721,0.008196721,0.024590164,0,0.302970455
23S:301,G,G,0.057377049,0.319672131,0.426229508,0.196721311,0,1.748408351
23S:302,C,C,0.090163934,0.352459016,0.344262295,0.213114754,0,1.848180807
23S:303,U,G,0.262295082,0.254098361,0.336065574,0.147540984,0,1.944685142
23S:304,G,U,0.040983607,0.360655738,0.229508197,0.368852459,0,1.737590134
23S:305,U,C,0.040983607,0.68852459,0.032786885,0.237704918,0,1.213968872
23S:306,U,U,0.016393443,0.024590164,0.008196721,0.942622951,0.008196721,0.362845331
23S:307,G,G,0,0.008196721,0.893442623,0.049180328,0.049180328,0.39532015
23S:308,G,G,0.040983607,0,0.959016393,0,0,0.246783955
23S:309,G,A,0.87704918,0,0.12295082,0,0,0.537783842
23S:310,A,A,0.950819672,0,0.024590164,0.016393443,0.008196721,0.295415394
23S:311,A,A,0.573770492,0.229508197,0.024590164,0.163934426,0.008196721,1.493964818
23S:312,G,G,0.180327869,0,0.778688525,0.024590164,0.016393443,0.844045804
23S:313,C,G,0.114754098,0.229508197,0.459016393,0.196721311,0,1.822869449
23S:314,A,C,0.114754098,0.327868852,0.237704918,0.319672131,0,1.904571533
23S:315,G,G,0.172131148,0.344262295,0.368852459,0.114754098,0,1.855718027
23S:316,C,C,0.213114754,0.393442623,0.31147541,0.073770492,0.008196721,1.791578928
23S:317,G,G,0.295081967,0.016393443,0.680327869,0,0.008196721,0.986711304
23S:318,C,C,0.016393443,0.819672131,0.024590164,0.131147541,0.008196721,0.841233813
23S:319,C,C,0.016393443,0.836065574,0.131147541,0.008196721,0.008196721,0.748176014
23S:320,A,A,0.647540984,0.016393443,0.286885246,0.040983607,0.008196721,1.19899255
23S:321,G,U,0.139344262,0.098360656,0.172131148,0.581967213,0.008196721,1.603486473
23S:322,A,A,0.959016393,0.008196721,0.024590164,0,0.008196721,0.244143418
23S:323,G,G,0.008196721,0.12295082,0.852459016,0.008196721,0.008196721,0.676134474
23S:324,A,A,0.827868852,0.06557377,0.008196721,0.081967213,0.016393443,0.822277666
23S:325,G,G,0.155737705,0.040983607,0.786885246,0,0.016393443,0.864379069
23S:326,G,G,0.016393443,0.016393443,0.918032787,0.040983607,0.008196721,0.492534598
23S:327,G,G,0.008196721,0,0.983606557,0,0.008196721,0.079607223
23S:328,U,U,0.008196721,0,0,0.983606557,0.008196721,0.079607223
23S:329,G,G,0.057377049,0,0.918032787,0.016393443,0.008196721,0.443417216
23S:330,A,A,0.93442623,0.024590164,0.008196721,0.024590164,0.008196721,0.407777327
23S:331,A,U,0.180327869,0.254098361,0.155737705,0.401639344,0.008196721,1.878737437
23S:332,A,A,0.975409836,0.008196721,0.008196721,0,0.008196721,0.147436468
23S:333,G,G,0.131147541,0.032786885,0.81147541,0.016393443,0.008196721,0.88053362
23S:334,C,C,0,0.647540984,0.024590164,0.319672131,0.008196721,1.054684946
23S:335,C,C,0,0.991803279,0,0.008196721,0,0.068586094
23S:336,C,C,0.040983607,0.926229508,0.016393443,0.016393443,0,0.485738459
23S:337,C,C,0.016393443,0.786885246,0.040983607,0.155737705,0,0.976010589
23S:338,G,G,0.008196721,0,0.942622951,0.049180328,0,0.350892003
23S:339,U,U,0,0,0,0.991803279,0.008196721,0.011680241
23S:340,A,A,0.901639344,0.040983607,0,0.057377049,0,0.560157883
23S:341,G,G,0.139344262,0.196721311,0.450819672,0.213114754,0,1.851129262
23S:342,G,G,0.18852459,0.131147541,0.516393443,0.163934426,0,1.75820355
23S:343,C,C,0.073770492,0.663934426,0.06557377,0.196721311,0,1.388964589
23S:344,G,G,0.057377049,0.016393443,0.631147541,0.073770492,0.221311475,0.802283259
23S:345,A,A,0.532786885,0,0.016393443,0.155737705,0.295081967,0.704218202
23S:346,A,A,0.68852459,0.040983607,0.024590164,0.040983607,0.204918033,0.69962449
23S:347,A,A,0.672131148,0.114754098,0.131147541,0.057377049,0.024590164,1.331066852
23S:348,G,A,0.319672131,0.18852459,0.295081967,0.180327869,0.016393443,1.913123408
23S:349,G,G,0.163934426,0.245901639,0.385245902,0.18852459,0.016393443,1.87800806
23S:350,U,G,0.180327869,0.196721311,0.344262295,0.254098361,0.024590164,1.891285534
23S:351,G,C,0.254098361,0.327868852,0.180327869,0.221311475,0.016393443,1.924819776
23S:352,G,A,0.352459016,0.172131148,0.270491803,0.18852459,0.016393443,1.89959822
23S:353,G,G,0.245901639,0.229508197,0.278688525,0.229508197,0.016393443,1.953476085
23S:354,G,G,0.245901639,0.155737705,0.295081967,0.295081967,0.008196721,1.938628093
23S:355,G,G,0.196721311,0.237704918,0.295081967,0.254098361,0.016393443,1.943594834
23S:356,G,G,0.18852459,0.081967213,0.442622951,0.12295082,0.163934426,1.372701242
23S:357,A,C,0.180327869,0.295081967,0.237704918,0.221311475,0.06557377,1.812295541
23S:358,U,U,0.172131148,0.254098361,0.221311475,0.319672131,0.032786885,1.882859542
23S:359,A,C,0.106557377,0.385245902,0.385245902,0.098360656,0.024590164,1.690985881
23S:360,G,-,0.06557377,0.147540984,0.172131148,0.278688525,0.336065574,1.072736658
23S:361,G,-,0.147540984,0.081967213,0.155737705,0.196721311,0.418032787,0.920913968
23S:362,U,-,0.057377049,0.106557377,0.163934426,0.090163934,0.581967213,0.552413517
23S:363,G,G,0.204918033,0.204918033,0.37704918,0.18852459,0.024590164,1.874379192
23S:363A,A,G,0.229508197,0.213114754,0.418032787,0.12295082,0.016393443,1.829944036
23S:363B,G,G,0.163934426,0.237704918,0.319672131,0.254098361,0.024590164,1.900665699
23S:363C,G,G,0.295081967,0.12295082,0.319672131,0.245901639,0.016393443,1.88360992
23S:363D,G,G,0.139344262,0.12295082,0.631147541,0.090163934,0.016393443,1.475425492
23S:363E,U,-,0.262295082,0.106557377,0.040983607,0.180327869,0.409836066,0.876491332
23S:363F,A,U,0.180327869,0.12295082,0.213114754,0.37704918,0.106557377,1.62902589
23S:364,C,C,0,0.598360656,0.090163934,0.057377049,0.254098361,0.740611073
23S:365,C,C,0.024590164,0.557377049,0.016393443,0.139344262,0.262295082,0.807709072
23S:366,C,U,0.139344262,0.155737705,0.016393443,0.409836066,0.278688525,1.037710528
23S:370,G,G,0.057377049,0.12295082,0.549180328,0.008196721,0.262295082,0.84100502
23S:371,A,A,0.991803279,0,0,0,0.008196721,0.011680241
23S:372,G,G,0.008196721,0,0.983606557,0,0.008196721,0.079607223
23S:373,U,U,0,0,0,0.991803279,0.008196721,0.011680241
23S:374,A,A,0.868852459,0.131147541,0,0,0,0.560576943
23S:375,C,G,0.049180328,0.319672131,0.62295082,0.008196721,0,1.221860677
23S:376,C,C,0.06557377,0.475409836,0.43442623,0.024590164,0,1.421740868
23S:377,C,G,0.262295082,0.040983607,0.647540984,0.049180328,0,1.315015251
23S:378,C,C,0.016393443,0.647540984,0.049180328,0.286885246,0,1.233742586
23S:379,G,G,0.008196721,0.073770492,0.754098361,0.155737705,0.008196721,1.050429991
23S:380,U,G,0.049180328,0.114754098,0.81147541,0.024590164,0,0.948164085
23S:381,G,G,0.114754098,0.131147541,0.639344262,0.114754098,0,1.513792166
23S:382,G,U,0.360655738,0.049180328,0.172131148,0.418032787,0,1.707318284
23S:383,U,C,0,0.524590164,0,0.024590164,0.450819672,0.340332064
23S:384,U,A,0.450819672,0.057377049,0,0.040983607,0.450819672,0.51822588
23S:385,C,C,0,0.62295082,0.008196721,0.368852459,0,1.012902253
23S:386,G,G,0.016393443,0,0.983606557,0,0,0.120681014
23S:387,U,U,0.155737705,0.016393443,0.393442623,0.43442623,0,1.567060232
23S:388,G,G,0.139344262,0.008196721,0.68852459,0.106557377,0.057377049,1.100918285
23S:389,G,A,0.639344262,0.024590164,0.147540984,0.180327869,0.008196721,1.385572038
23S:390,A,A,0.5,0.016393443,0.016393443,0.081967213,0.385245902,0.608762976
23S:391,G,A,0.786885246,0.016393443,0.032786885,0.163934426,0,0.958647485
23S:392,C,U,0,0.114754098,0.024590164,0.860655738,0,0.676199339
23S:393,C,C,0,0.631147541,0.245901639,0.12295082,0,1.28850258
23S:394,A,C,0.024590164,0.713114754,0.114754098,0.147540984,0,1.245060366
23S:395,U,C,0.147540984,0.385245902,0.090163934,0.37704918,0,1.781049437
23S:396,G,G,0.016393443,0.016393443,0.918032787,0.049180328,0,0.521446139
23S:397,G,U,0.040983607,0.319672131,0.049180328,0.590163934,0,1.377584042
23S:398,G,G,0.024590164,0.37704918,0.467213115,0.131147541,0,1.559315466
23S:399,G,U,0.008196721,0.139344262,0.319672131,0.532786885,0,1.462938463
23S:400,G,G,0.049180328,0.016393443,0.860655738,0.073770492,0,0.774713736
23S:401,A,A,0.991803279,0,0,0,0.008196721,0.011680241
23S:402,A,A,0.991803279,0.008196721,0,0,0,0.068586094
23S:403,U,U,0.024590164,0.139344262,0.319672131,0.491803279,0.024590164,1.518855949
23S:404,C,C,0.303278689,0.450819672,0.057377049,0.163934426,0.024590164,1.662539198
23S:405,U,U,0.090163934,0.147540984,0.008196721,0.606557377,0.147540984,1.03542143
23S:406,G,G,0.040983607,0.057377049,0.893442623,0.008196721,0,0.627514253
23S:407,G,G,0,0.139344262,0.819672131,0.040983607,0,0.820228094
23S:408,G,G,0,0.155737705,0.844262295,0,0,0.624014575
23S:409,C,G,0.295081967,0.057377049,0.5,0.147540984,0,1.663504451
23S:410,G,G,0.057377049,0.016393443,0.918032787,0.008196721,0,0.503891143
23S:411,G,G,0.098360656,0.032786885,0.81147541,0.057377049,0,0.971906683
23S:412,A,A,0.950819672,0.032786885,0.008196721,0.008196721,0,0.344460326
23S:413,C,C,0.114754098,0.721311475,0,0.155737705,0.008196721,1.107044672
23S:414,C,C,0.12295082,0.786885246,0.057377049,0.032786885,0,1.042120588
23S:415,A,A,0.680327869,0.081967213,0.131147541,0.098360656,0.008196721,1.375940997
23S:416,C,U,0.18852459,0.262295082,0.106557377,0.442622951,0,1.824904826
23S:417,C,C,0.008196721,0.901639344,0.016393443,0.073770492,0,0.566156243
23S:418,G,C,0.147540984,0.5,0.040983607,0.31147541,0,1.620372472
23S:419,C,U,0,0.245901639,0.155737705,0.598360656,0,1.358814932
23S:420,C,C,0.040983607,0.81147541,0.139344262,0.008196721,0,0.886451976
23S:421,U,C,0,0.631147541,0.040983607,0.327868852,0,1.135414978
23S:422,A,A,0.991803279,0.008196721,0,0,0,0.068586094
23S:423,A,A,0.991803279,0.008196721,0,0,0,0.068586094
23S:424,G,G,0.139344262,0.073770492,0.770491803,0.016393443,0,1.06067549
23S:425,G,G,0.098360656,0.221311475,0.655737705,0.024590164,0,1.341305799
23S:426,C,C,0,0.975409836,0,0.024590164,0,0.166489786
23S:427,U,U,0,0.008196721,0,0.991803279,0,0.068586094
23S:428,A,A,0.983606557,0.008196721,0.008196721,0,0,0.137074457
23S:429,A,A,0.983606557,0.008196721,0,0,0.008196721,0.079607223
23S:430,G,A,0.901639344,0,0.090163934,0,0.008196721,0.444001887
23S:431,U,U,0,0.06557377,0,0.926229508,0.008196721,0.357203602
23S:432,A,A,0.991803279,0,0,0,0.008196721,0.011680241
23S:433,C,C,0,0.87704918,0,0.12295082,0,0.537783842
23S:434,U,U,0.06557377,0.024590164,0.18852459,0.713114754,0.008196721,1.181110244
23S:435,C,C,0.024590164,0.68852459,0.229508197,0.057377049,0,1.226090016
23S:436,C,U,0.016393443,0.426229508,0,0.549180328,0.008196721,1.08747471
23S:437,G,G,0.081967213,0.106557377,0.336065574,0.155737705,0.319672131,1.079356597
23S:438,G,A,0.401639344,0.295081967,0.12295082,0.172131148,0.008196721,1.841657645
23S:440,G,G,0.155737705,0.147540984,0.598360656,0.081967213,0.016393443,1.538640693
23S:441,U,A,0.442622951,0.12295082,0.016393443,0.401639344,0.016393443,1.493150342
23S:442,G,G,0.06557377,0.008196721,0.901639344,0.024590164,0,0.580700813
23S:443,A,A,0.918032787,0,0,0.081967213,0,0.409073139
23S:444,C,C,0,0.983606557,0,0.016393443,0,0.120681014
23S:445,C,C,0,1,0,0,0,0
23S:446,G,G,0,0,0.991803279,0.008196721,0,0.068586094
23S:447,A,A,0.991803279,0,0,0,0.008196721,0.011680241
23S:448,U,U,0,0,0,1,0,0
23S:449,A,A,0.991803279,0.008196721,0,0,0,0.068586094
23S:450,G,G,0,0.008196721,0.991803279,0,0,0.068586094
23S:451,C,C,0.008196721,0.573770492,0,0.418032787,0,1.042675832
23S:452,G,G,0.032786885,0.016393443,0.950819672,0,0,0.328066883
23S:453,C,A,0.762295082,0.106557377,0.081967213,0.049180328,0,1.152241094
23S:454,A,A,0.983606557,0,0,0,0.016393443,0.02307129
23S:455,C,C,0.06557377,0.803278689,0.024590164,0.090163934,0.016393443,0.940378504
23S:456,C,C,0.31147541,0.336065574,0.024590164,0.262295082,0.06557377,1.579856571
23S:457,A,A,0.975409836,0,0.016393443,0,0.008196721,0.131177398
23S:458,G,G,0,0,0.991803279,0,0.008196721,0.011680241
23S:459,U,U,0,0,0,0.991803279,0.008196721,0.011680241
23S:460,A,A,0.991803279,0,0,0,0.008196721,0.011680241
23S:461,C,C,0,0.819672131,0.180327869,0,0,0.680793775
23S:462,C,C,0.032786885,0.836065574,0.057377049,0.073770492,0,0.891653777
23S:463,G,G,0,0,1,0,0,0
23S:464,U,U,0,0.098360656,0,0.901639344,0,0.46377735
23S:465,G,G,0.024590164,0,0.975409836,0,0,0.166489786
23S:466,A,A,0.991803279,0,0.008196721,0,0,0.068586094
23S:467,G,G,0.073770492,0.057377049,0.827868852,0.032786885,0.008196721,0.893915942
23S:468,G,G,0,0.163934426,0.827868852,0.008196721,0,0.710098635
23S:469,G,G,0,0,0.983606557,0.016393443,0,0.120681014
23S:470,A,A,0.983606557,0.008196721,0,0,0.008196721,0.079607223
23S:471,A,A,0.983606557,0,0.008196721,0,0.008196721,0.079607223
23S:472,A,A,0.844262295,0.090163934,0.024590164,0.032786885,0.008196721,0.805645285
23S:473,G,G,0.024590164,0,0.967213115,0,0.008196721,0.176512128
23S:474,G,G,0.090163934,0.278688525,0.598360656,0.032786885,0,1.431682606
23S:475,U,U,0,0.155737705,0.008196721,0.836065574,0,0.690589734
23S:476,G,G,0,0,1,0,0,0
23S:477,A,A,0.959016393,0.024590164,0.016393443,0,0,0.286577012
23S:478,A,A,0.975409836,0,0.024590164,0,0,0.166489786
23S:479,A,A,0.991803279,0,0,0.008196721,0,0.068586094
23S:480,A,A,0.991803279,0.008196721,0,0,0,0.068586094
23S:481,G,G,0,0,1,0,0,0
23S:482,A,A,0.508196721,0.270491803,0.024590164,0.196721311,0,1.599432709
23S:483,A,A,0.983606557,0.008196721,0.008196721,0,0,0.137074457
23S:484,C,C,0.040983607,0.93442623,0.008196721,0.008196721,0.008196721,0.390706397
23S:485,C,C,0,0.844262295,0,0.147540984,0.008196721,0.60850394
23S:486,C,C,0,0.836065574,0.024590164,0.131147541,0.008196721,0.725780059
23S:487,C,C,0.008196721,0.778688525,0.008196721,0.196721311,0.008196721,0.84907982
23S:488,G,G,0.016393443,0.024590164,0.819672131,0.139344262,0,0.860021151
23S:489,G,G,0.368852459,0.024590164,0.557377049,0.049180328,0,1.345937952
23S:491,G,A,0.483606557,0.040983607,0.401639344,0.06557377,0.008196721,1.469924447
23S:492,A,A,0.868852459,0.032786885,0.032786885,0.008196721,0.057377049,0.52443234
23S:493,G,G,0.180327869,0.008196721,0.786885246,0.008196721,0.016393443,0.817720383
23S:494,G,G,0.024590164,0.024590164,0.950819672,0,0,0.332085121
23S:495,G,G,0.147540984,0.008196721,0.844262295,0,0,0.67034222
23S:496,G,G,0.06557377,0.040983607,0.860655738,0.032786885,0,0.794627339
23S:497,A,A,0.696721311,0.024590164,0.204918033,0.040983607,0.032786885,1.114418539
23S:498,G,G,0.016393443,0,0.975409836,0.008196721,0,0.189070831
23S:499,U,U,0,0.032786885,0.008196721,0.959016393,0,0.276371172
23S:500,G,G,0.008196721,0.016393443,0.868852459,0.090163934,0.016393443,0.632694151
23S:501,A,A,0.87704918,0.098360656,0.008196721,0.016393443,0,0.649126538
23S:502,A,A,0.975409836,0.008196721,0.008196721,0.008196721,0,0.205464273
23S:503,A,A,0.983606557,0,0,0,0.016393443,0.02307129
23S:504,U,U,0.049180328,0.081967213,0.106557377,0.5,0.262295082,0.998662654
23S:505,A,A,0.975409836,0,0,0.016393443,0.008196721,0.131177398
23S:506,G,G,0,0,1,0,0,0
23S:507,A,A,0.598360656,0.008196721,0.081967213,0.303278689,0.008196721,1.307172085
23S:508,G,A,0.491803279,0.032786885,0.352459016,0.098360656,0.024590164,1.487063248
23S:509,C,C,0,0.959016393,0,0.040983607,0,0.246783955
23S:510,C,C,0.057377049,0.795081967,0.073770492,0.06557377,0.008196721,1.026328298
23S:511,U,U,0,0.008196721,0,0.991803279,0,0.068586094
23S:512,G,G,0,0,1,0,0,0
23S:513,A,A,0.991803279,0,0,0,0.008196721,0.011680241
23S:514,A,A,0.983606557,0.008196721,0,0,0.008196721,0.079607223
23S:515,A,A,0.959016393,0.024590164,0,0.008196721,0.008196721,0.244143418
23S:516,C,C,0,0.803278689,0.008196721,0.18852459,0,0.764479225
23S:517,C,C,0,0.860655738,0.008196721,0.131147541,0,0.627493244
23S:518,G,G,0.180327869,0.008196721,0.762295082,0.049180328,0,1.014679632
23S:519,U,U,0.06557377,0.090163934,0.360655738,0.475409836,0.008196721,1.598165635
23S:520,G,G,0.319672131,0.081967213,0.368852459,0.229508197,0,1.83984148
