resNum,resName,Consensus,A,C,G,U,Gaps,Shannon
"varchar(11)","varchar(3)","char(1)","real(5,4)","real(5,4)","real(5,4)","real(5,4)","real(5,4)","real(5,4)"
16S:1,U,-,0.125000,0.023438,0.023438,0.093750,0.734375,1.977382
16S:2,U,-,0.148438,0.054688,0.023438,0.078125,0.695313,1.976165
16S:3,G,-,0.187500,0.031250,0.039063,0.078125,0.664063,1.957675
16S:4,U,-,0.132813,0.054688,0.023438,0.125000,0.664063,1.974789
16S:5,U,-,0.054688,0.054688,0.015625,0.242188,0.632813,1.917778
16S:6,G,-,0.226563,0.000000,0.281250,0.203125,0.289063,1.837346
16S:7,G,A,0.289063,0.070313,0.265625,0.125000,0.250000,1.897370
16S:8,A,A,0.492188,0.125000,0.015625,0.320313,0.046875,1.560848
16S:9,G,G,0.007813,0.453125,0.492188,0.023438,0.023438,1.250398
16S:10,A,A,0.492188,0.203125,0.023438,0.273438,0.007813,1.618212
16S:11,G,G,0.007813,0.007813,0.984375,0.000000,0.000000,0.131740
16S:12,U,U,0.007813,0.000000,0.453125,0.539063,0.000000,1.052726
16S:13,U,U,0.000000,0.000000,0.000000,1.000000,0.000000,0.000000
16S:14,U,U,0.000000,0.023438,0.000000,0.976563,0.000000,0.160329
16S:15,G,G,0.000000,0.000000,1.000000,0.000000,0.000000,0.000000
16S:16,A,A,1.000000,0.000000,0.000000,0.000000,0.000000,0.000000
16S:17,U,U,0.000000,0.000000,0.000000,1.000000,0.000000,0.000000
16S:18,C,C,0.000000,0.945313,0.000000,0.054688,0.000000,0.305985
16S:19,C,C,0.078125,0.898438,0.000000,0.023438,0.000000,0.553082
16S:20,U,U,0.000000,0.007813,0.000000,0.992188,0.000000,0.065914
16S:21,G,G,0.015625,0.000000,0.984375,0.000000,0.000000,0.116115
16S:22,G,G,0.000000,0.453125,0.539063,0.007813,0.000000,1.052726
16S:23,C,C,0.000000,0.984375,0.007813,0.007813,0.000000,0.131740
16S:24,U,U,0.265625,0.000000,0.203125,0.523438,0.007813,1.483106
16S:25,C,C,0.000000,0.523438,0.468750,0.000000,0.007813,1.034708
16S:26,A,A,0.789063,0.015625,0.000000,0.000000,0.195313,0.894157
16S:27,G,G,0.007813,0.085938,0.718750,0.179688,0.007813,1.161086
16S:28,G,A,0.468750,0.078125,0.445313,0.007813,0.000000,1.374161
16S:29,G,A,0.320313,0.234375,0.226563,0.218750,0.000000,1.981611
16S:30,U,U,0.000000,0.382813,0.085938,0.531250,0.000000,1.319359
16S:31,G,G,0.007813,0.117188,0.515625,0.007813,0.351563,1.556407
16S:32,A,A,0.992188,0.000000,0.007813,0.000000,0.000000,0.065914
16S:33,A,A,0.515625,0.218750,0.000000,0.257813,0.007813,1.495620
16S:34,C,C,0.007813,0.632813,0.000000,0.359375,0.000000,1.003034
16S:35,G,G,0.000000,0.000000,0.992188,0.007813,0.000000,0.065914
16S:36,C,C,0.000000,0.976563,0.007813,0.015625,0.000000,0.181851
16S:37,U,U,0.000000,0.007813,0.000000,0.992188,0.000000,0.065914
16S:38,G,G,0.320313,0.015625,0.484375,0.179688,0.000000,1.571393
16S:39,G,G,0.023438,0.000000,0.695313,0.281250,0.000000,1.006153
16S:40,C,C,0.015625,0.734375,0.015625,0.234375,0.000000,1.005171
16S:41,G,G,0.031250,0.179688,0.757813,0.031250,0.000000,1.060676
16S:42,G,G,0.023438,0.007813,0.773438,0.195313,0.000000,0.928456
16S:43,C,C,0.046875,0.648438,0.203125,0.093750,0.007813,1.409090
16S:44,G,A,0.539063,0.015625,0.421875,0.015625,0.007813,1.209332
16S:45,U,U,0.257813,0.101563,0.195313,0.445313,0.000000,1.819204
16S:46,G,G,0.187500,0.179688,0.617188,0.015625,0.000000,1.421252
16S:47,C,C,0.000000,0.515625,0.476563,0.007813,0.000000,1.056992
16S:48,C,U,0.023438,0.484375,0.000000,0.492188,0.000000,1.136846
16S:49,U,U,0.000000,0.000000,0.000000,1.000000,0.000000,0.000000
16S:50,A,A,0.843750,0.000000,0.007813,0.148438,0.000000,0.670012
16S:51,A,A,0.984375,0.000000,0.000000,0.015625,0.000000,0.116115
16S:52,G,G,0.007813,0.421875,0.492188,0.078125,0.000000,1.370689
16S:53,A,A,0.484375,0.476563,0.039063,0.000000,0.000000,1.198869
16S:54,C,C,0.000000,1.000000,0.000000,0.000000,0.000000,0.000000
16S:55,A,A,1.000000,0.000000,0.000000,0.000000,0.000000,0.000000
16S:56,U,U,0.000000,0.000000,0.000000,1.000000,0.000000,0.000000
16S:57,G,G,0.007813,0.000000,0.992188,0.000000,0.000000,0.065914
16S:58,C,C,0.000000,0.929688,0.070313,0.000000,0.000000,0.367089
16S:59,A,A,0.765625,0.000000,0.195313,0.039063,0.000000,0.937909
16S:60,A,A,0.812500,0.000000,0.007813,0.179688,0.000000,0.743065
16S:61,G,G,0.000000,0.000000,1.000000,0.000000,0.000000,0.000000
16S:62,U,U,0.000000,0.031250,0.007813,0.960938,0.000000,0.266177
16S:63,C,C,0.007813,0.890625,0.031250,0.070313,0.000000,0.629072
16S:64,G,G,0.101563,0.015625,0.679688,0.203125,0.000000,1.274584
16S:65,U,A,0.757813,0.078125,0.015625,0.132813,0.015625,1.098427
16S:66,G,A,0.664063,0.000000,0.335938,0.000000,0.000000,0.920878
16S:67,C,C,0.046875,0.617188,0.281250,0.054688,0.000000,1.380647
16S:68,G,G,0.039063,0.000000,0.765625,0.195313,0.000000,0.937909
16S:69,G,-,0.156250,0.125000,0.250000,0.023438,0.445313,1.921081
16S:70,G,G,0.171875,0.140625,0.351563,0.093750,0.242188,1.897767
16S:71,C,C,0.257813,0.375000,0.156250,0.148438,0.062500,1.905751
16S:72,C,C,0.203125,0.296875,0.117188,0.093750,0.289063,1.927870
16S:73,G,-,0.210938,0.203125,0.171875,0.132813,0.281250,1.988799
16S:76,C,-,0.179688,0.218750,0.242188,0.078125,0.281250,1.950488
16S:77,G,-,0.125000,0.031250,0.101563,0.046875,0.695313,1.982943
16S:78,G,-,0.062500,0.031250,0.210938,0.046875,0.648438,1.944993
16S:79,G,-,0.054688,0.046875,0.195313,0.109375,0.593750,1.961033
16S:80,G,-,0.210938,0.070313,0.101563,0.117188,0.500000,1.969630
16S:81,U,-,0.070313,0.226563,0.210938,0.031250,0.460938,1.913402
16S:82,U,U,0.031250,0.257813,0.226563,0.484375,0.000000,1.652292
16S:83,U,U,0.078125,0.148438,0.140625,0.632813,0.000000,1.511591
16S:84,U,U,0.218750,0.289063,0.015625,0.460938,0.015625,1.626058
16S:88,A,-,0.023438,0.210938,0.226563,0.078125,0.460938,1.910197
16S:89,C,-,0.117188,0.078125,0.078125,0.234375,0.492188,1.955622
16S:90,U,-,0.085938,0.171875,0.062500,0.085938,0.593750,1.980820
16S:91,C,-,0.039063,0.132813,0.031250,0.156250,0.640625,1.964439
16S:92,C,-,0.023438,0.054688,0.062500,0.171875,0.687500,1.965628
16S:93,G,G,0.164063,0.125000,0.296875,0.125000,0.289063,1.946475
16S:96,U,G,0.132813,0.109375,0.289063,0.179688,0.289063,1.947478
16S:97,G,G,0.125000,0.062500,0.351563,0.195313,0.265625,1.869724
16S:98,G,G,0.156250,0.109375,0.593750,0.070313,0.070313,1.559173
16S:99,U,C,0.273438,0.289063,0.140625,0.250000,0.046875,1.957194
16S:100,C,G,0.226563,0.171875,0.351563,0.203125,0.046875,1.949386
16S:101,A,A,0.750000,0.195313,0.007813,0.046875,0.000000,1.033105
16S:102,G,G,0.054688,0.281250,0.617188,0.046875,0.000000,1.380647
16S:103,C,U,0.000000,0.335938,0.000000,0.664063,0.000000,0.920878
16S:104,G,G,0.039063,0.000000,0.757813,0.007813,0.195313,1.005702
16S:105,G,G,0.007813,0.007813,0.984375,0.000000,0.000000,0.131740
16S:106,C,C,0.000000,1.000000,0.000000,0.000000,0.000000,0.000000
16S:107,G,G,0.140625,0.000000,0.859375,0.000000,0.000000,0.585873
16S:108,G,G,0.351563,0.140625,0.406250,0.101563,0.000000,1.791245
16S:109,A,A,0.992188,0.007813,0.000000,0.000000,0.000000,0.065914
16S:110,C,C,0.054688,0.789063,0.007813,0.148438,0.000000,0.962176
16S:111,G,G,0.046875,0.007813,0.859375,0.085938,0.000000,0.753804
16S:112,G,G,0.000000,0.000000,1.000000,0.000000,0.000000,0.000000
16S:113,G,G,0.000000,0.476563,0.523438,0.000000,0.000000,0.998414
16S:114,U,U,0.007813,0.000000,0.000000,0.992188,0.000000,0.065914
16S:115,G,G,0.000000,0.414063,0.578125,0.007813,0.000000,1.038443
16S:116,A,A,0.968750,0.031250,0.000000,0.000000,0.000000,0.200622
16S:117,G,G,0.000000,0.000000,0.812500,0.187500,0.000000,0.696212
16S:118,U,U,0.000000,0.000000,0.007813,0.992188,0.000000,0.065914
16S:119,A,A,1.000000,0.000000,0.000000,0.000000,0.000000,0.000000
16S:120,A,A,0.921875,0.023438,0.023438,0.031250,0.000000,0.518268
16S:121,C,C,0.203125,0.625000,0.007813,0.164063,0.000000,1.373404
16S:122,G,A,0.562500,0.000000,0.304688,0.132813,0.000000,1.376155
16S:123,C,C,0.000000,0.921875,0.000000,0.078125,0.000000,0.395538
16S:124,G,G,0.289063,0.062500,0.632813,0.015625,0.000000,1.279081
16S:125,U,U,0.000000,0.007813,0.195313,0.796875,0.000000,0.775908
16S:126,G,G,0.328125,0.085938,0.585938,0.000000,0.000000,1.283652
16S:127,G,G,0.101563,0.007813,0.664063,0.226563,0.000000,1.267302
16S:128,G,G,0.156250,0.187500,0.468750,0.187500,0.000000,1.836483
16S:129,U,U,0.234375,0.195313,0.062500,0.507813,0.000000,1.697211
16S:129A,G,A,0.765625,0.000000,0.031250,0.007813,0.195313,0.980146
16S:130,A,A,0.523438,0.101563,0.000000,0.179688,0.195313,1.571220
16S:131,C,-,0.039063,0.375000,0.007813,0.093750,0.484375,1.782569
16S:132,C,C,0.023438,0.648438,0.085938,0.046875,0.195313,1.350312
16S:133,U,U,0.000000,0.054688,0.007813,0.937500,0.000000,0.371263
16S:134,A,G,0.453125,0.054688,0.476563,0.007813,0.007813,1.325541
16S:135,C,C,0.015625,0.789063,0.015625,0.179688,0.000000,0.902177
16S:136,C,C,0.023438,0.812500,0.015625,0.148438,0.000000,0.872568
16S:137,C,C,0.000000,0.601563,0.195313,0.203125,0.000000,1.368356
16S:138,G,U,0.265625,0.046875,0.148438,0.539063,0.000000,1.604044
16S:139,G,U,0.164063,0.242188,0.171875,0.421875,0.000000,1.885233
16S:140,A,A,0.351563,0.164063,0.265625,0.218750,0.000000,1.945690
16S:141,A,G,0.359375,0.039063,0.539063,0.062500,0.000000,1.443893
16S:142,G,G,0.039063,0.156250,0.671875,0.117188,0.015625,1.369203
16S:143,A,U,0.437500,0.062500,0.000000,0.476563,0.023438,1.335639
16S:144,G,G,0.062500,0.375000,0.390625,0.164063,0.007813,1.745178
16S:145,G,G,0.132813,0.179688,0.484375,0.203125,0.000000,1.805466
16S:146,G,G,0.039063,0.031250,0.750000,0.179688,0.000000,1.095250
16S:147,G,G,0.007813,0.023438,0.968750,0.000000,0.000000,0.225975
16S:148,G,G,0.140625,0.046875,0.804688,0.007813,0.000000,0.911891
16S:149,A,A,1.000000,0.000000,0.000000,0.000000,0.000000,0.000000
16S:150,C,U,0.007813,0.109375,0.000000,0.882813,0.000000,0.562631
16S:151,A,A,1.000000,0.000000,0.000000,0.000000,0.000000,0.000000
16S:152,A,A,0.867188,0.046875,0.078125,0.007813,0.000000,0.727272
16S:153,C,C,0.000000,0.945313,0.015625,0.039063,0.000000,0.353187
16S:154,C,C,0.109375,0.460938,0.085938,0.343750,0.000000,1.698065
16S:155,C,C,0.117188,0.351563,0.273438,0.257813,0.000000,1.908385
16S:156,G,C,0.085938,0.523438,0.117188,0.273438,0.000000,1.667109
16S:157,G,G,0.054688,0.039063,0.671875,0.234375,0.000000,1.288073
16S:158,G,G,0.062500,0.117188,0.812500,0.007813,0.000000,0.910554
16S:159,G,G,0.031250,0.007813,0.828125,0.132813,0.000000,0.823075
16S:160,A,A,1.000000,0.000000,0.000000,0.000000,0.000000,0.000000
16S:161,A,A,1.000000,0.000000,0.000000,0.000000,0.000000,0.000000
16S:162,A,A,0.843750,0.000000,0.000000,0.156250,0.000000,0.625262
16S:163,C,C,0.000000,0.820313,0.125000,0.054688,0.000000,0.838693
16S:164,U,U,0.046875,0.101563,0.226563,0.609375,0.015625,1.481175
16S:165,C,G,0.234375,0.101563,0.562500,0.101563,0.000000,1.627713
16S:166,G,G,0.179688,0.109375,0.601563,0.109375,0.000000,1.584450
16S:167,G,G,0.351563,0.078125,0.437500,0.132813,0.000000,1.726161
16S:168,G,G,0.093750,0.000000,0.890625,0.015625,0.000000,0.562742
16S:169,C,C,0.101563,0.765625,0.062500,0.070313,0.000000,1.149402
16S:170,U,U,0.000000,0.023438,0.000000,0.976563,0.000000,0.160329
16S:171,A,A,1.000000,0.000000,0.000000,0.000000,0.000000,0.000000
16S:172,A,A,1.000000,0.000000,0.000000,0.000000,0.000000,0.000000
16S:173,U,U,0.023438,0.015625,0.000000,0.960938,0.000000,0.275905
16S:174,C,A,0.765625,0.164063,0.023438,0.046875,0.000000,1.056681
16S:175,C,C,0.000000,0.976563,0.023438,0.000000,0.000000,0.160329
16S:176,C,C,0.171875,0.734375,0.039063,0.054688,0.000000,1.175781
16S:177,C,G,0.023438,0.250000,0.492188,0.234375,0.000000,1.620857
16S:178,C,G,0.070313,0.390625,0.484375,0.054688,0.000000,1.534892
16S:179,A,A,0.804688,0.171875,0.015625,0.000000,0.007813,0.808909
16S:180,U,U,0.085938,0.062500,0.007813,0.835938,0.007813,0.842301
16S:181,G,A,0.703125,0.031250,0.210938,0.031250,0.023438,1.182636
16S:182,U,-,0.257813,0.210938,0.007813,0.156250,0.367188,1.882307
16S:183,G,-,0.148438,0.062500,0.234375,0.132813,0.421875,1.956663
16S:184,G,G,0.187500,0.101563,0.328125,0.070313,0.312500,1.889460
16S:185,A,-,0.125000,0.195313,0.218750,0.148438,0.312500,1.984070
16S:186,C,-,0.125000,0.265625,0.226563,0.070313,0.312500,1.927596
16S:187,C,-,0.093750,0.273438,0.179688,0.132813,0.320313,1.949420
16S:188,C,-,0.195313,0.179688,0.109375,0.195313,0.320313,1.984575
16S:189,G,-,0.070313,0.070313,0.164063,0.195313,0.500000,1.964045
16S:189A,C,G,0.250000,0.203125,0.296875,0.093750,0.156250,1.928546
16S:189B,C,C,0.117188,0.507813,0.156250,0.218750,0.000000,1.757017
16S:189C,C,C,0.000000,0.781250,0.078125,0.125000,0.015625,0.982168
16S:189D,C,G,0.007813,0.046875,0.578125,0.296875,0.070313,1.359548
16S:189E,U,G,0.125000,0.296875,0.367188,0.195313,0.015625,1.896728
16S:189F,U,A,0.703125,0.195313,0.039063,0.062500,0.000000,1.250212
16S:189G,G,A,0.421875,0.039063,0.273438,0.242188,0.023438,1.737998
16S:189H,G,G,0.039063,0.078125,0.859375,0.007813,0.015625,0.749321
16S:189I,G,G,0.210938,0.132813,0.531250,0.125000,0.000000,1.720185
16S:189J,G,U,0.046875,0.171875,0.226563,0.398438,0.156250,1.807646
16S:189K,U,-,0.125000,0.125000,0.109375,0.148438,0.492188,1.997769
16S:189L,G,-,0.117188,0.109375,0.203125,0.257813,0.312500,1.956389
16S:190,U,G,0.078125,0.171875,0.320313,0.109375,0.320313,1.905349
16S:191,G,-,0.062500,0.195313,0.265625,0.156250,0.320313,1.934604
16S:192,U,-,0.148438,0.203125,0.171875,0.156250,0.320313,1.995019
16S:193,C,-,0.046875,0.226563,0.101563,0.304688,0.320313,1.878134
16S:194,C,G,0.070313,0.289063,0.546875,0.093750,0.000000,1.583215
16S:195,A,A,0.828125,0.046875,0.101563,0.023438,0.000000,0.894297
16S:196,A,A,0.859375,0.007813,0.117188,0.015625,0.000000,0.698805
16S:197,A,A,0.992188,0.000000,0.007813,0.000000,0.000000,0.065914
16S:198,G,G,0.031250,0.093750,0.640625,0.179688,0.054688,1.405647
16S:199,G,G,0.226563,0.289063,0.382813,0.101563,0.000000,1.868299
16S:200,G,G,0.109375,0.210938,0.351563,0.085938,0.242188,1.878160
16S:201,C,-,0.023438,0.210938,0.273438,0.062500,0.429688,1.874539
16S:202,U,U,0.085938,0.164063,0.156250,0.585938,0.007813,1.609807
16S:203,U,U,0.046875,0.234375,0.023438,0.695313,0.000000,1.188971
16S:204,U,U,0.187500,0.359375,0.039063,0.398438,0.015625,1.710837
16S:216,G,-,0.070313,0.054688,0.218750,0.218750,0.437500,1.927850
16S:217,C,C,0.023438,0.335938,0.257813,0.156250,0.226563,1.821229
16S:218,C,U,0.062500,0.320313,0.289063,0.328125,0.000000,1.821197
16S:219,C,C,0.156250,0.546875,0.109375,0.125000,0.062500,1.676557
16S:220,G,G,0.046875,0.101563,0.695313,0.093750,0.062500,1.311597
16S:221,C,C,0.062500,0.687500,0.226563,0.023438,0.000000,1.233857
16S:222,U,C,0.085938,0.429688,0.109375,0.375000,0.000000,1.707737
16S:223,U,U,0.296875,0.250000,0.132813,0.320313,0.000000,1.933064
16S:224,C,G,0.226563,0.078125,0.257813,0.242188,0.195313,1.931558
16S:225,C,A,0.476563,0.156250,0.078125,0.289063,0.000000,1.732948
16S:226,G,G,0.164063,0.179688,0.625000,0.031250,0.000000,1.452853
16S:227,G,G,0.156250,0.000000,0.820313,0.023438,0.000000,0.779772
16S:228,A,A,0.835938,0.000000,0.015625,0.148438,0.000000,0.718378
16S:229,U,U,0.031250,0.015625,0.109375,0.828125,0.015625,0.857369
16S:230,G,G,0.039063,0.078125,0.656250,0.031250,0.195313,1.333495
16S:231,G,G,0.257813,0.007813,0.484375,0.054688,0.195313,1.580001
16S:232,G,G,0.210938,0.007813,0.781250,0.000000,0.000000,0.806503
16S:233,C,C,0.187500,0.468750,0.187500,0.156250,0.000000,1.836483
16S:234,C,C,0.171875,0.656250,0.062500,0.109375,0.000000,1.434647
16S:235,C,U,0.000000,0.367188,0.085938,0.546875,0.000000,1.311178
16S:236,G,G,0.203125,0.195313,0.601563,0.000000,0.000000,1.368356
16S:237,C,C,0.015625,0.632813,0.062500,0.289063,0.000000,1.279081
16S:238,G,G,0.078125,0.000000,0.921875,0.000000,0.000000,0.395538
16S:239,U,U,0.023438,0.210938,0.359375,0.406250,0.000000,1.659035
16S:240,C,C,0.031250,0.757813,0.062500,0.148438,0.000000,1.117952
16S:241,C,C,0.046875,0.617188,0.218750,0.117188,0.000000,1.478768
16S:242,C,G,0.000000,0.203125,0.453125,0.343750,0.000000,1.514146
16S:243,A,A,0.976563,0.007813,0.000000,0.015625,0.000000,0.181851
16S:244,U,U,0.000000,0.000000,0.000000,1.000000,0.000000,0.000000
16S:245,C,U,0.000000,0.437500,0.000000,0.562500,0.000000,0.988699
16S:246,A,A,1.000000,0.000000,0.000000,0.000000,0.000000,0.000000
16S:247,G,G,0.148438,0.007813,0.835938,0.007813,0.000000,0.734003
16S:248,C,C,0.000000,0.648438,0.351563,0.000000,0.000000,0.935456
16S:249,U,U,0.000000,0.039063,0.000000,0.960938,0.000000,0.237977
16S:250,A,A,0.601563,0.015625,0.046875,0.320313,0.015625,1.294364
16S:251,G,G,0.000000,0.000000,1.000000,0.000000,0.000000,0.000000
16S:252,U,U,0.257813,0.007813,0.000000,0.734375,0.000000,0.885966
16S:253,U,U,0.093750,0.062500,0.000000,0.843750,0.000000,0.776973
16S:254,G,G,0.000000,0.000000,1.000000,0.000000,0.000000,0.000000
16S:255,G,G,0.000000,0.000000,0.929688,0.070313,0.000000,0.367089
16S:256,U,U,0.007813,0.140625,0.046875,0.804688,0.000000,0.911891
16S:257,G,G,0.273438,0.015625,0.710938,0.000000,0.000000,0.955201
16S:258,G,G,0.164063,0.023438,0.804688,0.007813,0.000000,0.861694
16S:259,G,G,0.015625,0.000000,0.820313,0.164063,0.000000,0.755981
16S:260,G,G,0.078125,0.031250,0.859375,0.031250,0.000000,0.787743
16S:261,U,U,0.007813,0.000000,0.023438,0.968750,0.000000,0.225975
16S:262,A,A,0.937500,0.054688,0.007813,0.000000,0.000000,0.371263
16S:263,A,A,0.796875,0.023438,0.101563,0.078125,0.000000,1.010412
16S:264,U,C,0.234375,0.359375,0.093750,0.312500,0.000000,1.865725
16S:265,G,G,0.054688,0.007813,0.890625,0.046875,0.000000,0.639760
16S:266,G,G,0.000000,0.000000,0.960938,0.039063,0.000000,0.237977
16S:267,C,C,0.117188,0.875000,0.000000,0.007813,0.000000,0.585726
16S:268,C,C,0.000000,0.765625,0.015625,0.218750,0.000000,0.868379
16S:269,C,C,0.000000,0.500000,0.000000,0.500000,0.000000,1.000000
16S:270,A,A,0.859375,0.007813,0.093750,0.039063,0.000000,0.745478
16S:271,C,C,0.070313,0.929688,0.000000,0.000000,0.000000,0.367089
16S:272,C,C,0.000000,1.000000,0.000000,0.000000,0.000000,0.000000
16S:273,A,A,0.843750,0.000000,0.062500,0.093750,0.000000,0.776973
16S:274,A,A,0.734375,0.000000,0.007813,0.257813,0.000000,0.885966
16S:275,G,G,0.031250,0.000000,0.968750,0.000000,0.000000,0.200622
16S:276,G,G,0.000000,0.351563,0.648438,0.000000,0.000000,0.935456
16S:277,C,C,0.000000,0.851563,0.000000,0.148438,0.000000,0.605916
16S:278,G,G,0.125000,0.015625,0.570313,0.289063,0.000000,1.448383
16S:279,A,A,0.757813,0.000000,0.125000,0.117188,0.000000,1.040665
16S:280,C,C,0.070313,0.617188,0.000000,0.312500,0.000000,1.223397
16S:281,G,G,0.226563,0.070313,0.679688,0.023438,0.000000,1.260143
16S:282,A,A,1.000000,0.000000,0.000000,0.000000,0.000000,0.000000
16S:283,C,U,0.000000,0.437500,0.000000,0.562500,0.000000,0.988699
16S:284,G,G,0.015625,0.453125,0.531250,0.000000,0.000000,1.096013
16S:285,G,G,0.101563,0.195313,0.632813,0.070313,0.000000,1.482349
16S:286,G,G,0.132813,0.062500,0.773438,0.031250,0.000000,1.079741
16S:287,U,U,0.000000,0.000000,0.000000,0.984375,0.015625,0.110557
16S:288,A,A,0.968750,0.000000,0.031250,0.000000,0.000000,0.200622
16S:289,G,G,0.015625,0.382813,0.578125,0.023438,0.000000,1.208006
16S:290,C,G,0.015625,0.484375,0.492188,0.007813,0.000000,1.158369
16S:291,C,G,0.007813,0.171875,0.523438,0.289063,0.007813,1.510099
16S:292,G,G,0.054688,0.000000,0.937500,0.000000,0.007813,0.354414
16S:293,G,G,0.070313,0.148438,0.617188,0.156250,0.007813,1.534055
16S:294,U,U,0.195313,0.296875,0.031250,0.476563,0.000000,1.646151
16S:295,C,C,0.218750,0.507813,0.234375,0.039063,0.000000,1.649405
16S:296,U,U,0.000000,0.000000,0.000000,1.000000,0.000000,0.000000
16S:297,G,G,0.031250,0.070313,0.804688,0.093750,0.000000,0.997981
16S:298,A,A,0.921875,0.000000,0.078125,0.000000,0.000000,0.395538
16S:299,G,G,0.015625,0.000000,0.984375,0.000000,0.000000,0.116115
16S:300,A,A,0.812500,0.000000,0.187500,0.000000,0.000000,0.696212
16S:301,G,G,0.000000,0.000000,1.000000,0.000000,0.000000,0.000000
16S:302,G,G,0.023438,0.234375,0.523438,0.218750,0.000000,1.585973
16S:303,A,A,0.476563,0.015625,0.296875,0.210938,0.000000,1.597045
16S:304,U,U,0.148438,0.265625,0.148438,0.437500,0.000000,1.846821
16S:305,G,G,0.007813,0.000000,0.968750,0.023438,0.000000,0.225975
16S:306,G,A,0.937500,0.000000,0.054688,0.007813,0.000000,0.371263
16S:307,C,U,0.031250,0.179688,0.265625,0.523438,0.000000,1.598097
16S:308,C,C,0.000000,0.804688,0.000000,0.195313,0.000000,0.712453
16S:309,G,C,0.289063,0.531250,0.171875,0.007813,0.000000,1.493713
16S:310,G,G,0.007813,0.476563,0.484375,0.031250,0.000000,1.227069
16S:311,C,C,0.023438,0.578125,0.390625,0.007813,0.000000,1.168381
16S:312,C,C,0.007813,0.578125,0.414063,0.000000,0.000000,1.038443
16S:313,A,A,0.992188,0.000000,0.000000,0.007813,0.000000,0.065914
16S:314,C,C,0.000000,0.523438,0.476563,0.000000,0.000000,0.998414
16S:315,A,A,0.968750,0.000000,0.000000,0.031250,0.000000,0.200622
16S:316,G,C,0.015625,0.476563,0.210938,0.296875,0.000000,1.597045
16S:317,G,G,0.000000,0.007813,0.500000,0.492188,0.000000,1.058058
16S:318,G,G,0.000000,0.000000,1.000000,0.000000,0.000000,0.000000
16S:319,G,G,0.367188,0.000000,0.625000,0.007813,0.000000,1.009219
16S:320,C,G,0.187500,0.164063,0.562500,0.085938,0.000000,1.651827
16S:321,A,A,0.648438,0.218750,0.000000,0.132813,0.000000,1.271710
16S:322,C,C,0.000000,1.000000,0.000000,0.000000,0.000000,0.000000
16S:323,U,U,0.000000,0.000000,0.000000,1.000000,0.000000,0.000000
16S:324,G,G,0.000000,0.000000,0.984375,0.015625,0.000000,0.116115
16S:325,A,A,1.000000,0.000000,0.000000,0.000000,0.000000,0.000000
16S:326,G,G,0.000000,0.000000,1.000000,0.000000,0.000000,0.000000
16S:327,A,A,1.000000,0.000000,0.000000,0.000000,0.000000,0.000000
16S:328,C,C,0.179688,0.742188,0.015625,0.062500,0.000000,1.107983
16S:329,A,A,1.000000,0.000000,0.000000,0.000000,0.000000,0.000000
16S:330,C,C,0.156250,0.750000,0.000000,0.093750,0.000000,1.049887
16S:331,G,G,0.023438,0.007813,0.945313,0.023438,0.000000,0.385217
16S:332,G,G,0.132813,0.000000,0.867188,0.000000,0.000000,0.565101
16S:333,G,C,0.085938,0.562500,0.164063,0.187500,0.000000,1.651827
16S:334,C,C,0.007813,0.617188,0.000000,0.375000,0.000000,1.015024
16S:335,C,C,0.195313,0.804688,0.000000,0.000000,0.000000,0.712453
16S:336,C,A,0.492188,0.492188,0.007813,0.007813,0.000000,1.116115
16S:337,C,G,0.265625,0.210938,0.507813,0.015625,0.000000,1.571800
16S:338,A,A,0.718750,0.000000,0.281250,0.000000,0.000000,0.857148
16S:339,C,C,0.007813,0.718750,0.273438,0.000000,0.000000,0.908652
16S:340,U,U,0.164063,0.281250,0.015625,0.539063,0.000000,1.516843
16S:341,C,C,0.007813,0.781250,0.000000,0.195313,0.015625,0.844102
16S:342,C,C,0.000000,0.992188,0.000000,0.007813,0.000000,0.065914
16S:343,U,U,0.000000,0.140625,0.000000,0.859375,0.000000,0.585873
16S:344,A,A,1.000000,0.000000,0.000000,0.000000,0.000000,0.000000
16S:345,C,C,0.164063,0.828125,0.000000,0.007813,0.000000,0.707826
16S:346,G,G,0.000000,0.000000,1.000000,0.000000,0.000000,0.000000
16S:347,G,G,0.000000,0.000000,1.000000,0.000000,0.000000,0.000000
16S:348,G,G,0.195313,0.000000,0.796875,0.007813,0.000000,0.775908
16S:349,A,A,0.687500,0.007813,0.296875,0.007813,0.000000,1.001162
16S:350,G,G,0.000000,0.234375,0.718750,0.046875,0.000000,1.039967
16S:351,G,G,0.000000,0.000000,1.000000,0.000000,0.000000,0.000000
16S:352,C,C,0.000000,1.000000,0.000000,0.000000,0.000000,0.000000
16S:353,A,A,0.984375,0.000000,0.000000,0.015625,0.000000,0.116115
16S:354,G,G,0.000000,0.070313,0.929688,0.000000,0.000000,0.367089
16S:355,C,C,0.000000,1.000000,0.000000,0.000000,0.000000,0.000000
16S:356,A,A,1.000000,0.000000,0.000000,0.000000,0.000000,0.000000
16S:357,G,G,0.000000,0.000000,1.000000,0.000000,0.000000,0.000000
16S:358,U,U,0.000000,0.015625,0.476563,0.507813,0.000000,1.099774
16S:359,U,C,0.078125,0.476563,0.421875,0.023438,0.000000,1.449117
16S:360,A,G,0.070313,0.000000,0.921875,0.007813,0.000000,0.432178
16S:361,G,G,0.031250,0.453125,0.507813,0.007813,0.000000,1.224869
16S:362,G,G,0.000000,0.000000,1.000000,0.000000,0.000000,0.000000
16S:363,A,A,0.812500,0.148438,0.007813,0.031250,0.000000,0.862841
16S:364,A,A,1.000000,0.000000,0.000000,0.000000,0.000000,0.000000
16S:365,U,U,0.460938,0.000000,0.000000,0.539063,0.000000,0.995593
16S:366,C,A,0.562500,0.304688,0.000000,0.132813,0.000000,1.376155
16S:367,U,U,0.000000,0.250000,0.023438,0.726563,0.000000,0.961745
16S:368,U,U,0.000000,0.000000,0.000000,1.000000,0.000000,0.000000
16S:369,C,G,0.179688,0.281250,0.406250,0.132813,0.000000,1.874461
16S:370,C,C,0.000000,0.609375,0.242188,0.148438,0.000000,1.339437
16S:371,G,A,0.429688,0.210938,0.320313,0.039063,0.000000,1.706047
16S:372,C,C,0.000000,1.000000,0.000000,0.000000,0.000000,0.000000
16S:373,A,A,0.992188,0.007813,0.000000,0.000000,0.000000,0.065914
16S:374,A,A,0.882813,0.109375,0.000000,0.007813,0.000000,0.562631
16S:375,U,U,0.000000,0.000000,0.000000,1.000000,0.000000,0.000000
16S:376,G,G,0.007813,0.148438,0.835938,0.007813,0.000000,0.734003
16S:377,G,G,0.000000,0.429688,0.523438,0.046875,0.000000,1.219433
16S:378,G,G,0.140625,0.101563,0.656250,0.101563,0.000000,1.466994
16S:379,C,C,0.078125,0.515625,0.390625,0.000000,0.015625,1.347381
16S:380,G,G,0.164063,0.000000,0.828125,0.007813,0.000000,0.707826
16S:381,C,A,0.500000,0.437500,0.023438,0.039063,0.000000,1.331434
16S:382,A,A,0.781250,0.023438,0.015625,0.000000,0.179688,0.938249
16S:383,A,A,0.867188,0.054688,0.031250,0.046875,0.000000,0.770770
16S:384,G,G,0.007813,0.445313,0.515625,0.015625,0.015625,1.195514
16S:385,C,C,0.070313,0.656250,0.117188,0.156250,0.000000,1.449016
16S:386,C,C,0.039063,0.523438,0.437500,0.000000,0.000000,1.193363
16S:387,U,U,0.007813,0.156250,0.148438,0.687500,0.000000,1.253288
16S:388,G,G,0.000000,0.000000,1.000000,0.000000,0.000000,0.000000
16S:389,A,A,1.000000,0.000000,0.000000,0.000000,0.000000,0.000000
16S:390,C,U,0.039063,0.320313,0.210938,0.429688,0.000000,1.706047
16S:391,G,G,0.156250,0.242188,0.601563,0.000000,0.000000,1.354991
16S:392,G,C,0.117188,0.406250,0.296875,0.179688,0.000000,1.855552
16S:393,A,A,0.726563,0.023438,0.250000,0.000000,0.000000,0.961745
16S:394,G,G,0.000000,0.000000,1.000000,0.000000,0.000000,0.000000
16S:395,C,C,0.015625,0.578125,0.179688,0.226563,0.000000,1.481071
16S:396,G,G,0.289063,0.226563,0.421875,0.062500,0.000000,1.778163
16S:397,A,A,1.000000,0.000000,0.000000,0.000000,0.000000,0.000000
16S:398,C,C,0.039063,0.601563,0.023438,0.335938,0.000000,1.279403
16S:399,G,G,0.203125,0.203125,0.539063,0.054688,0.000000,1.644043
16S:400,C,C,0.195313,0.757813,0.007813,0.039063,0.000000,1.000800
16S:401,C,C,0.085938,0.750000,0.070313,0.093750,0.000000,1.205008
16S:402,G,G,0.242188,0.015625,0.734375,0.007813,0.000000,0.971004
16S:403,C,C,0.460938,0.515625,0.000000,0.023438,0.000000,1.134681
16S:404,U,G,0.203125,0.000000,0.789063,0.007813,0.000000,0.791478
16S:405,U,U,0.000000,0.000000,0.000000,1.000000,0.000000,0.000000
16S:406,G,G,0.031250,0.156250,0.804688,0.007813,0.000000,0.881655
16S:407,G,A,0.421875,0.289063,0.117188,0.171875,0.000000,1.841996
16S:408,A,G,0.312500,0.218750,0.421875,0.046875,0.000000,1.736275
16S:409,G,U,0.101563,0.101563,0.257813,0.539063,0.000000,1.654964
16S:410,G,G,0.171875,0.085938,0.687500,0.054688,0.000000,1.341854
16S:411,A,A,0.523438,0.000000,0.000000,0.000000,0.476563,1.507023
16S:412,A,-,0.257813,0.171875,0.039063,0.250000,0.281250,1.898281
16S:413,G,G,0.109375,0.046875,0.531250,0.031250,0.281250,1.583644
16S:414,A,A,0.539063,0.023438,0.148438,0.007813,0.281250,1.522608
16S:415,A,A,0.484375,0.062500,0.171875,0.000000,0.281250,1.623216
16S:416,G,G,0.078125,0.007813,0.585938,0.046875,0.281250,1.457126
16S:417,C,G,0.015625,0.320313,0.593750,0.062500,0.007813,1.329101
16S:418,C,C,0.046875,0.523438,0.109375,0.218750,0.101563,1.635284
16S:419,C,C,0.007813,0.679688,0.046875,0.156250,0.109375,1.250868
16S:420,U,U,0.164063,0.117188,0.046875,0.648438,0.023438,1.430718
16S:421,U,U,0.132813,0.070313,0.031250,0.765625,0.000000,1.107361
16S:422,C,C,0.289063,0.351563,0.054688,0.304688,0.000000,1.799490
16S:423,G,G,0.109375,0.148438,0.531250,0.085938,0.125000,1.672355
16S:424,G,G,0.078125,0.015625,0.773438,0.015625,0.117188,1.002403
16S:425,G,G,0.203125,0.085938,0.531250,0.070313,0.109375,1.640955
16S:426,G,U,0.031250,0.109375,0.343750,0.515625,0.000000,1.527750
16S:427,U,U,0.078125,0.203125,0.148438,0.570313,0.000000,1.625011
16S:428,G,G,0.007813,0.132813,0.523438,0.054688,0.281250,1.575991
16S:429,U,U,0.000000,0.062500,0.031250,0.625000,0.281250,1.355764
16S:430,A,A,0.539063,0.015625,0.054688,0.109375,0.281250,1.559711
16S:431,A,A,0.531250,0.000000,0.171875,0.015625,0.281250,1.510112
16S:432,A,A,0.523438,0.023438,0.015625,0.156250,0.281250,1.556272
16S:433,C,G,0.281250,0.218750,0.375000,0.117188,0.007813,1.892800
16S:434,U,C,0.015625,0.421875,0.234375,0.328125,0.000000,1.637125
16S:435,C,U,0.164063,0.054688,0.296875,0.484375,0.000000,1.683816
16S:436,C,C,0.000000,0.804688,0.164063,0.031250,0.000000,0.836342
16S:437,U,U,0.015625,0.031250,0.156250,0.796875,0.000000,0.929485
16S:438,G,U,0.203125,0.000000,0.195313,0.601563,0.000000,1.368356
16S:439,A,U,0.210938,0.000000,0.000000,0.789063,0.000000,0.743271
16S:441,A,U,0.046875,0.273438,0.007813,0.671875,0.000000,1.158645
16S:442,C,U,0.257813,0.218750,0.250000,0.273438,0.000000,1.995345
16S:443,C,C,0.078125,0.367188,0.351563,0.203125,0.000000,1.815392
16S:444,C,A,0.304688,0.218750,0.242188,0.234375,0.000000,1.988098
16S:445,G,G,0.257813,0.046875,0.570313,0.125000,0.000000,1.548188
16S:446,G,G,0.062500,0.250000,0.625000,0.062500,0.000000,1.423795
16S:447,G,G,0.226563,0.078125,0.468750,0.226563,0.000000,1.770347
16S:448,A,A,0.640625,0.046875,0.023438,0.007813,0.281250,1.319910
16S:449,C,A,0.335938,0.117188,0.093750,0.171875,0.281250,1.904057
16S:450,G,G,0.000000,0.015625,0.476563,0.031250,0.476563,1.611585
16S:451,A,A,0.523438,0.000000,0.000000,0.000000,0.476563,1.507023
16S:452,A,-,0.343750,0.000000,0.015625,0.000000,0.640625,1.785543
16S:453,A,-,0.164063,0.000000,0.164063,0.023438,0.648438,1.930817
16S:454,C,-,0.101563,0.031250,0.117188,0.062500,0.687500,1.986775
16S:455,C,-,0.046875,0.093750,0.156250,0.054688,0.648438,1.979027
16S:456,C,-,0.054688,0.070313,0.093750,0.093750,0.687500,1.996805
16S:457,C,-,0.062500,0.085938,0.085938,0.078125,0.687500,1.998932
16S:458,C,-,0.046875,0.078125,0.078125,0.109375,0.687500,1.994350
16S:460,G,U,0.039063,0.070313,0.132813,0.757813,0.000000,1.142052
16S:461,A,A,0.875000,0.000000,0.062500,0.062500,0.000000,0.668564
16S:470,C,A,0.835938,0.039063,0.078125,0.046875,0.000000,0.893159
16S:471,G,A,0.500000,0.054688,0.156250,0.179688,0.109375,1.702132
16S:472,A,A,0.390625,0.070313,0.054688,0.195313,0.289063,1.802005
16S:473,G,-,0.062500,0.039063,0.125000,0.085938,0.687500,1.988477
16S:474,G,-,0.046875,0.062500,0.117188,0.085938,0.687500,1.991973
16S:475,G,-,0.070313,0.046875,0.101563,0.093750,0.687500,1.994651
16S:476,G,-,0.062500,0.101563,0.093750,0.093750,0.648438,1.997347
16S:477,A,-,0.062500,0.062500,0.093750,0.093750,0.687500,1.997180
16S:479,C,-,0.085938,0.023438,0.039063,0.164063,0.687500,1.966619
16S:480,U,U,0.000000,0.000000,0.015625,0.507813,0.476563,1.543316
16S:481,G,G,0.000000,0.000000,0.523438,0.000000,0.476563,1.507023
16S:482,A,A,0.515625,0.000000,0.000000,0.007813,0.476563,1.525586
16S:483,C,C,0.023438,0.476563,0.023438,0.015625,0.460938,1.622317
16S:484,G,-,0.015625,0.015625,0.460938,0.031250,0.476563,1.646149
16S:485,G,-,0.000000,0.015625,0.421875,0.101563,0.460938,1.702953
16S:486,U,U,0.007813,0.000000,0.000000,0.515625,0.476563,1.525586
16S:487,A,A,0.593750,0.000000,0.218750,0.187500,0.000000,1.379004
16S:488,C,C,0.031250,0.640625,0.140625,0.187500,0.000000,1.418617
16S:489,C,C,0.242188,0.531250,0.015625,0.210938,0.000000,1.547582
16S:490,G,U,0.210938,0.226563,0.226563,0.335938,0.000000,1.972857
16S:491,G,G,0.156250,0.351563,0.398438,0.093750,0.000000,1.797772
16S:492,G,G,0.312500,0.195313,0.375000,0.117188,0.000000,1.877695
16S:493,G,A,0.515625,0.140625,0.281250,0.054688,0.007813,1.642509
16S:494,U,G,0.085938,0.062500,0.781250,0.070313,0.000000,1.101807
16S:495,A,A,0.523438,0.007813,0.132813,0.054688,0.281250,1.575991
16S:496,A,A,0.679688,0.015625,0.195313,0.093750,0.015625,1.277493
16S:498,U,U,0.125000,0.265625,0.218750,0.382813,0.007813,1.898225
16S:499,A,A,1.000000,0.000000,0.000000,0.000000,0.000000,0.000000
16S:500,G,G,0.000000,0.000000,0.828125,0.171875,0.000000,0.661976
16S:501,C,C,0.015625,0.570313,0.218750,0.195313,0.000000,1.495629
16S:502,G,G,0.320313,0.171875,0.476563,0.031250,0.000000,1.628577
16S:503,C,C,0.070313,0.570313,0.289063,0.070313,0.000000,1.518237
16S:504,C,C,0.203125,0.578125,0.085938,0.132813,0.000000,1.615222
16S:505,G,G,0.000000,0.000000,1.000000,0.000000,0.000000,0.000000
16S:506,G,G,0.000000,0.000000,1.000000,0.000000,0.000000,0.000000
16S:507,C,C,0.015625,0.523438,0.460938,0.000000,0.000000,1.097626
16S:508,C,U,0.007813,0.484375,0.000000,0.507813,0.000000,1.057703
16S:509,A,A,1.000000,0.000000,0.000000,0.000000,0.000000,0.000000
16S:510,A,A,1.000000,0.000000,0.000000,0.000000,0.000000,0.000000
16S:511,C,C,0.007813,0.500000,0.484375,0.007813,0.000000,1.115936
16S:512,U,U,0.000000,0.460938,0.007813,0.531250,0.000000,1.054505
16S:513,C,C,0.218750,0.414063,0.023438,0.343750,0.000000,1.662847
16S:514,C,C,0.007813,0.492188,0.468750,0.031250,0.000000,1.226703
16S:515,G,G,0.000000,0.007813,0.992188,0.000000,0.000000,0.065914
16S:516,U,U,0.000000,0.000000,0.000000,1.000000,0.000000,0.000000
16S:517,G,G,0.000000,0.000000,1.000000,0.000000,0.000000,0.000000
16S:518,C,C,0.000000,0.890625,0.031250,0.078125,0.000000,0.592432
16S:519,C,C,0.000000,1.000000,0.000000,0.000000,0.000000,0.000000
16S:520,A,A,1.000000,0.000000,0.000000,0.000000,0.000000,0.000000
16S:521,G,G,0.000000,0.000000,1.000000,0.000000,0.000000,0.000000
16S:522,C,C,0.000000,1.000000,0.000000,0.000000,0.000000,0.000000
16S:523,A,A,0.734375,0.265625,0.000000,0.000000,0.000000,0.835116
16S:524,G,G,0.000000,0.015625,0.984375,0.000000,0.000000,0.116115
16S:525,C,C,0.000000,1.000000,0.000000,0.000000,0.000000,0.000000
16S:526,C,C,0.000000,0.992188,0.000000,0.007813,0.000000,0.065914
16S:527,G,G,0.000000,0.000000,1.000000,0.000000,0.000000,0.000000
16S:528,C,C,0.000000,1.000000,0.000000,0.000000,0.000000,0.000000
16S:529,G,G,0.000000,0.000000,1.000000,0.000000,0.000000,0.000000
16S:530,G,G,0.000000,0.000000,1.000000,0.000000,0.000000,0.000000
16S:531,U,U,0.000000,0.000000,0.007813,0.992188,0.000000,0.065914
16S:532,A,A,0.984375,0.000000,0.015625,0.000000,0.000000,0.116115
16S:533,A,A,1.000000,0.000000,0.000000,0.000000,0.000000,0.000000
16S:534,U,U,0.000000,0.117188,0.023438,0.859375,0.000000,0.677283
16S:535,A,A,0.804688,0.000000,0.000000,0.195313,0.000000,0.712453
16S:536,C,C,0.000000,0.992188,0.007813,0.000000,0.000000,0.065914
16S:537,G,G,0.031250,0.476563,0.492188,0.000000,0.000000,1.169191
16S:538,G,G,0.343750,0.023438,0.414063,0.218750,0.000000,1.662847
16S:539,A,A,0.523438,0.007813,0.468750,0.000000,0.000000,1.055926
16S:540,G,G,0.007813,0.484375,0.500000,0.007813,0.000000,1.115936
16S:541,G,G,0.101563,0.054688,0.609375,0.234375,0.000000,1.490427
16S:542,G,G,0.070313,0.289063,0.570313,0.070313,0.000000,1.518237
16S:543,C,C,0.023438,0.476563,0.179688,0.320313,0.000000,1.607567
16S:544,G,G,0.187500,0.156250,0.578125,0.078125,0.000000,1.615652
16S:545,C,C,0.171875,0.828125,0.000000,0.000000,0.000000,0.661976
16S:546,G,G,0.335938,0.000000,0.390625,0.273438,0.000000,1.569945
16S:547,A,A,1.000000,0.000000,0.000000,0.000000,0.000000,0.000000
16S:548,G,G,0.015625,0.000000,0.984375,0.000000,0.000000,0.116115
16S:549,C,C,0.000000,0.726563,0.000000,0.273438,0.000000,0.846354
16S:550,G,G,0.007813,0.000000,0.992188,0.000000,0.000000,0.065914
16S:551,U,U,0.257813,0.000000,0.218750,0.523438,0.000000,1.472665
16S:552,U,U,0.000000,0.007813,0.000000,0.992188,0.000000,0.065914
16S:553,A,A,0.546875,0.093750,0.359375,0.000000,0.000000,1.326928
16S:554,C,U,0.210938,0.078125,0.226563,0.484375,0.000000,1.752790
16S:555,C,U,0.000000,0.406250,0.078125,0.515625,0.000000,1.308030
16S:556,C,C,0.164063,0.718750,0.093750,0.023438,0.000000,1.217337
16S:557,G,G,0.312500,0.000000,0.671875,0.015625,0.000000,1.003626
16S:558,G,G,0.046875,0.156250,0.523438,0.078125,0.195313,1.631574
16S:559,A,A,0.671875,0.000000,0.109375,0.218750,0.000000,1.214315
16S:560,U,A,0.554688,0.054688,0.179688,0.210938,0.000000,1.619473
16S:561,U,U,0.000000,0.015625,0.000000,0.984375,0.000000,0.116115
16S:562,C,U,0.007813,0.062500,0.023438,0.906250,0.000000,0.560307
16S:563,A,A,0.804688,0.000000,0.195313,0.000000,0.000000,0.712453
16S:564,C,U,0.000000,0.453125,0.000000,0.546875,0.000000,0.993651
16S:565,U,U,0.000000,0.000000,0.000000,1.000000,0.000000,0.000000
16S:566,G,G,0.000000,0.000000,1.000000,0.000000,0.000000,0.000000
16S:567,G,G,0.015625,0.195313,0.789063,0.000000,0.000000,0.823627
16S:568,G,G,0.148438,0.000000,0.835938,0.015625,0.000000,0.718378
16S:569,C,C,0.000000,0.718750,0.195313,0.085938,0.000000,1.106892
16S:570,G,G,0.000000,0.234375,0.492188,0.273438,0.000000,1.505467
16S:571,U,U,0.000000,0.000000,0.000000,1.000000,0.000000,0.000000
16S:572,A,A,1.000000,0.000000,0.000000,0.000000,0.000000,0.000000
16S:573,A,A,0.992188,0.000000,0.000000,0.007813,0.000000,0.065914
16S:574,A,A,1.000000,0.000000,0.000000,0.000000,0.000000,0.000000
16S:575,G,G,0.179688,0.000000,0.820313,0.000000,0.000000,0.679393
16S:576,G,C,0.203125,0.531250,0.257813,0.007813,0.000000,1.510751
16S:577,G,G,0.000000,0.000000,1.000000,0.000000,0.000000,0.000000
16S:578,C,C,0.031250,0.523438,0.039063,0.406250,0.000000,1.355777
16S:579,G,G,0.101563,0.289063,0.312500,0.296875,0.000000,1.897235
16S:580,U,C,0.000000,0.906250,0.000000,0.093750,0.000000,0.448864
16S:581,G,G,0.000000,0.015625,0.984375,0.000000,0.000000,0.116115
16S:582,U,U,0.007813,0.179688,0.000000,0.812500,0.000000,0.743065
16S:583,A,A,1.000000,0.000000,0.000000,0.000000,0.000000,0.000000
16S:584,G,G,0.007813,0.000000,0.992188,0.000000,0.000000,0.065914
16S:585,G,G,0.007813,0.281250,0.515625,0.195313,0.000000,1.522315
16S:586,C,C,0.000000,0.617188,0.000000,0.382813,0.000000,0.960004
16S:587,G,G,0.023438,0.054688,0.773438,0.148438,0.000000,1.051380
16S:588,G,G,0.015625,0.000000,0.953125,0.031250,0.000000,0.316016
16S:589,C,U,0.125000,0.250000,0.226563,0.398438,0.000000,1.889257
16S:590,C,U,0.039063,0.320313,0.140625,0.492188,0.007813,1.618679
16S:591,U,U,0.203125,0.234375,0.093750,0.460938,0.007813,1.798963
16S:592,G,G,0.195313,0.125000,0.390625,0.281250,0.007813,1.884997
16S:593,G,U,0.125000,0.132813,0.351563,0.375000,0.015625,1.834411
16S:594,G,U,0.070313,0.210938,0.140625,0.562500,0.015625,1.622961
16S:595,G,A,0.687500,0.039063,0.070313,0.007813,0.195313,1.233761
16S:596,C,A,0.710938,0.078125,0.156250,0.039063,0.015625,1.260449
16S:597,G,G,0.039063,0.031250,0.875000,0.039063,0.015625,0.723681
16S:598,U,U,0.054688,0.164063,0.023438,0.742188,0.015625,1.129402
16S:599,C,C,0.015625,0.695313,0.140625,0.132813,0.015625,1.267628
16S:600,C,A,0.320313,0.171875,0.226563,0.273438,0.007813,1.964272
16S:601,C,G,0.039063,0.257813,0.578125,0.085938,0.039063,1.496158
16S:602,A,C,0.273438,0.289063,0.148438,0.257813,0.031250,1.961322
16S:603,U,U,0.070313,0.179688,0.320313,0.414063,0.015625,1.780306
16S:604,G,G,0.007813,0.093750,0.851563,0.039063,0.007813,0.773223
16S:605,U,U,0.023438,0.062500,0.132813,0.765625,0.015625,1.085127
16S:606,G,G,0.015625,0.031250,0.609375,0.156250,0.187500,1.403239
16S:607,A,A,0.796875,0.007813,0.007813,0.007813,0.179688,0.880739
16S:608,A,A,0.828125,0.117188,0.000000,0.023438,0.031250,0.802055
16S:609,A,A,0.804688,0.000000,0.000000,0.000000,0.195313,0.833144
16S:610,G,U,0.023438,0.007813,0.320313,0.453125,0.195313,1.538397
16S:611,A,C,0.062500,0.656250,0.015625,0.070313,0.195313,1.328675
16S:612,C,C,0.007813,0.632813,0.023438,0.140625,0.195313,1.340127
