resNum,resName,Consensus,A,C,G,U,Gaps,Shannon
"varchar(11)","varchar(3)","char(1)","real(5,4)","real(5,4)","real(5,4)","real(5,4)","real(5,4)","real(5,4)"
23S:1,G,-,0.062500,0.000000,0.250000,0.000000,0.687500,1.889175
23S:2,G,-,0.117188,0.000000,0.218750,0.007813,0.656250,1.909498
23S:3,U,-,0.015625,0.023438,0.031250,0.343750,0.585938,1.807166
23S:4,C,-,0.023438,0.250000,0.007813,0.140625,0.578125,1.891419
23S:5,A,-,0.429688,0.015625,0.007813,0.007813,0.539063,1.678105
23S:6,A,-,0.445313,0.023438,0.007813,0.023438,0.500000,1.665896
23S:7,G,-,0.023438,0.078125,0.406250,0.046875,0.445313,1.756997
23S:8,A,-,0.062500,0.234375,0.039063,0.234375,0.429688,1.899177
23S:9,U,G,0.062500,0.023438,0.343750,0.226563,0.343750,1.805738
23S:10,G,-,0.210938,0.078125,0.132813,0.132813,0.445313,1.974452
23S:11,G,A,0.312500,0.226563,0.148438,0.101563,0.210938,1.926096
23S:12,U,U,0.140625,0.234375,0.054688,0.429688,0.140625,1.776770
23S:13,A,A,0.585938,0.023438,0.101563,0.234375,0.054688,1.476928
23S:14,A,A,0.921875,0.000000,0.062500,0.000000,0.015625,0.425316
23S:15,G,G,0.093750,0.203125,0.546875,0.148438,0.007813,1.678842
23S:16,G,G,0.085938,0.164063,0.539063,0.210938,0.000000,1.686230
23S:17,G,G,0.015625,0.367188,0.523438,0.093750,0.000000,1.433491
23S:18,C,C,0.000000,0.679688,0.015625,0.304688,0.000000,0.994791
23S:19,C,A,0.437500,0.109375,0.289063,0.164063,0.000000,1.816381
23S:20,C,C,0.226563,0.343750,0.109375,0.320313,0.000000,1.890164
23S:21,A,A,0.414063,0.273438,0.195313,0.117188,0.000000,1.860903
23S:22,C,C,0.046875,0.585938,0.007813,0.359375,0.000000,1.244101
23S:23,G,G,0.117188,0.007813,0.875000,0.000000,0.000000,0.585726
23S:24,G,G,0.125000,0.000000,0.875000,0.000000,0.000000,0.543564
23S:25,U,U,0.015625,0.085938,0.070313,0.828125,0.000000,0.892636
23S:26,G,G,0.000000,0.000000,1.000000,0.000000,0.000000,0.000000
23S:27,G,G,0.062500,0.000000,0.937500,0.000000,0.000000,0.337290
23S:28,A,A,1.000000,0.000000,0.000000,0.000000,0.000000,0.000000
23S:29,U,U,0.000000,0.000000,0.000000,1.000000,0.000000,0.000000
23S:30,G,G,0.117188,0.109375,0.765625,0.007813,0.000000,1.061345
23S:31,C,C,0.078125,0.531250,0.281250,0.109375,0.000000,1.636039
23S:32,C,C,0.000000,0.968750,0.015625,0.015625,0.000000,0.231872
23S:33,U,U,0.007813,0.015625,0.000000,0.976563,0.000000,0.181851
23S:34,C,U,0.140625,0.312500,0.023438,0.523438,0.000000,1.538136
23S:35,G,G,0.000000,0.000000,1.000000,0.000000,0.000000,0.000000
23S:36,G,G,0.015625,0.015625,0.968750,0.000000,0.000000,0.231872
23S:37,C,C,0.039063,0.835938,0.015625,0.109375,0.000000,0.841800
23S:38,A,U,0.375000,0.000000,0.117188,0.507813,0.000000,1.389567
23S:39,C,C,0.070313,0.632813,0.140625,0.156250,0.000000,1.503481
23S:40,C,U,0.164063,0.156250,0.312500,0.367188,0.000000,1.901406
23S:41,C,C,0.273438,0.304688,0.265625,0.156250,0.000000,1.960407
23S:42,G,G,0.117188,0.382813,0.398438,0.101563,0.000000,1.756847
23S:43,A,A,0.640625,0.007813,0.335938,0.015625,0.000000,1.088682
23S:44,G,G,0.039063,0.281250,0.523438,0.156250,0.000000,1.604738
23S:45,C,-,0.000000,0.148438,0.367188,0.007813,0.476563,1.758399
23S:47,C,C,0.000000,0.906250,0.000000,0.085938,0.007813,0.469651
23S:48,G,G,0.000000,0.000000,0.960938,0.031250,0.007813,0.250799
23S:49,A,A,0.976563,0.000000,0.000000,0.015625,0.007813,0.168298
23S:50,U,U,0.195313,0.101563,0.046875,0.656250,0.000000,1.401043
23S:51,G,G,0.000000,0.000000,1.000000,0.000000,0.000000,0.000000
23S:52,A,A,1.000000,0.000000,0.000000,0.000000,0.000000,0.000000
23S:53,A,A,0.976563,0.023438,0.000000,0.000000,0.000000,0.160329
23S:54,G,G,0.031250,0.000000,0.968750,0.000000,0.000000,0.200622
23S:55,G,G,0.179688,0.000000,0.820313,0.000000,0.000000,0.679393
23S:56,A,A,0.765625,0.054688,0.164063,0.015625,0.000000,1.045846
23S:57,C,C,0.000000,0.984375,0.000000,0.015625,0.000000,0.116115
23S:58,G,G,0.000000,0.000000,1.000000,0.000000,0.000000,0.000000
23S:59,U,U,0.000000,0.250000,0.031250,0.718750,0.000000,0.998690
23S:60,G,G,0.257813,0.000000,0.718750,0.023438,0.000000,0.973534
23S:61,G,G,0.125000,0.226563,0.617188,0.031250,0.000000,1.446249
23S:62,C,C,0.054688,0.609375,0.023438,0.304688,0.007813,1.326136
23S:63,U,A,0.734375,0.000000,0.070313,0.195313,0.000000,1.056585
23S:64,A,A,0.750000,0.085938,0.140625,0.023438,0.000000,1.140440
23S:65,C,G,0.195313,0.210938,0.515625,0.078125,0.000000,1.713846
23S:66,C,C,0.062500,0.867188,0.039063,0.031250,0.000000,0.767267
23S:67,U,U,0.031250,0.031250,0.117188,0.820313,0.000000,0.909382
23S:68,G,G,0.062500,0.031250,0.906250,0.000000,0.000000,0.534955
23S:69,C,C,0.000000,0.984375,0.000000,0.015625,0.000000,0.116115
23S:70,G,G,0.007813,0.000000,0.992188,0.000000,0.000000,0.065914
23S:71,A,A,0.953125,0.015625,0.007813,0.023438,0.000000,0.341368
23S:72,U,U,0.320313,0.000000,0.062500,0.617188,0.000000,1.205794
23S:73,A,A,0.984375,0.000000,0.000000,0.015625,0.000000,0.116115
23S:74,A,A,0.695313,0.148438,0.023438,0.132813,0.000000,1.286776
23S:75,G,G,0.023438,0.015625,0.859375,0.093750,0.007813,0.746524
23S:76,C,C,0.007813,0.796875,0.007813,0.187500,0.000000,0.823231
23S:77,C,C,0.140625,0.421875,0.148438,0.289063,0.000000,1.849352
23S:78,A,U,0.101563,0.312500,0.062500,0.328125,0.195313,1.824869
23S:79,G,C,0.164063,0.437500,0.242188,0.156250,0.000000,1.863522
23S:80,G,G,0.031250,0.023438,0.757813,0.187500,0.000000,1.039176
23S:81,G,G,0.062500,0.000000,0.929688,0.007813,0.000000,0.402474
23S:82,G,G,0.023438,0.125000,0.625000,0.226563,0.000000,1.411011
23S:83,G,G,0.085938,0.023438,0.781250,0.109375,0.000000,1.058615
23S:84,A,A,1.000000,0.000000,0.000000,0.000000,0.000000,0.000000
23S:85,G,G,0.179688,0.023438,0.765625,0.031250,0.000000,1.023138
23S:86,C,C,0.046875,0.468750,0.234375,0.250000,0.000000,1.709922
23S:87,C,U,0.031250,0.382813,0.007813,0.578125,0.000000,1.198279
23S:88,G,G,0.015625,0.000000,0.984375,0.000000,0.000000,0.116115
23S:89,G,C,0.078125,0.609375,0.203125,0.109375,0.000000,1.539101
23S:90,U,A,0.664063,0.132813,0.085938,0.117188,0.000000,1.445764
23S:92,A,A,0.523438,0.078125,0.265625,0.132813,0.000000,1.671032
23S:93,G,G,0.390625,0.023438,0.507813,0.062500,0.015625,1.425796
23S:94,C,C,0.093750,0.500000,0.187500,0.203125,0.015625,1.752948
23S:94A,G,A,0.757813,0.054688,0.125000,0.054688,0.007813,1.148384
23S:95,G,G,0.312500,0.179688,0.421875,0.070313,0.015625,1.777202
23S:96,G,G,0.109375,0.328125,0.429688,0.101563,0.031250,1.762128
23S:97,C,C,0.039063,0.703125,0.148438,0.007813,0.101563,1.189760
23S:98,G,U,0.109375,0.007813,0.203125,0.484375,0.195313,1.640273
23S:99,U,U,0.148438,0.015625,0.046875,0.781250,0.007813,1.002345
23S:100,G,-,0.046875,0.015625,0.101563,0.187500,0.648438,1.952111
23S:102,G,G,0.093750,0.007813,0.843750,0.054688,0.000000,0.810946
23S:103,A,A,0.992188,0.000000,0.007813,0.000000,0.000000,0.065914
23S:104,U,U,0.242188,0.078125,0.078125,0.601563,0.000000,1.511241
23S:105,C,C,0.015625,0.921875,0.000000,0.062500,0.000000,0.451938
23S:106,C,C,0.179688,0.750000,0.031250,0.039063,0.000000,1.095250
23S:107,C,G,0.109375,0.210938,0.460938,0.218750,0.000000,1.817447
23S:108,U,G,0.109375,0.218750,0.523438,0.148438,0.000000,1.726191
23S:109,G,G,0.312500,0.109375,0.554688,0.015625,0.007813,1.450381
23S:110,G,G,0.187500,0.007813,0.796875,0.007813,0.000000,0.823231
23S:111,A,A,0.828125,0.062500,0.109375,0.000000,0.000000,0.824511
23S:112,U,U,0.093750,0.007813,0.000000,0.898438,0.000000,0.513665
23S:113,G,C,0.085938,0.375000,0.195313,0.343750,0.000000,1.824661
23S:114,U,U,0.007813,0.164063,0.062500,0.765625,0.000000,1.027498
23S:115,C,C,0.000000,0.820313,0.000000,0.179688,0.000000,0.679393
23S:116,C,C,0.000000,0.843750,0.000000,0.156250,0.000000,0.625262
23S:117,G,G,0.000000,0.015625,0.921875,0.062500,0.000000,0.451938
23S:118,A,A,1.000000,0.000000,0.000000,0.000000,0.000000,0.000000
23S:119,A,A,0.992188,0.000000,0.000000,0.000000,0.007813,0.061163
23S:120,U,U,0.000000,0.187500,0.000000,0.804688,0.007813,0.739920
23S:121,G,G,0.023438,0.007813,0.960938,0.000000,0.007813,0.269884
23S:122,G,G,0.031250,0.187500,0.765625,0.007813,0.007813,0.975950
23S:123,G,G,0.203125,0.000000,0.789063,0.000000,0.007813,0.771453
23S:124,G,G,0.346457,0.094488,0.527559,0.023622,0.007874,1.486491
23S:125,G,A,0.468750,0.320313,0.109375,0.093750,0.007813,1.714756
23S:126,A,A,0.562500,0.125000,0.015625,0.250000,0.046875,1.500171
23S:127,A,A,0.515625,0.000000,0.000000,0.000000,0.484375,1.521160
23S:128,C,C,0.000000,0.585938,0.054688,0.351563,0.007813,1.233060
23S:129,C,C,0.031250,0.781250,0.156250,0.023438,0.007813,0.994626
23S:130,C,C,0.007813,0.859375,0.007813,0.117188,0.007813,0.681605
23S:131,G,A,0.351563,0.148438,0.304688,0.187500,0.007813,1.919020
23S:132,G,C,0.125000,0.289063,0.265625,0.031250,0.289063,1.860243
23S:133,C,C,0.062500,0.390625,0.039063,0.210938,0.296875,1.778333
23S:134,C,-,0.164063,0.218750,0.117188,0.179688,0.320313,1.984501
23S:135,G,-,0.085938,0.171875,0.203125,0.203125,0.335938,1.971449
23S:136,G,-,0.148438,0.171875,0.234375,0.109375,0.335938,1.976542
23S:137,C,-,0.125000,0.062500,0.187500,0.148438,0.476563,1.975487
23S:139,G,-,0.164063,0.101563,0.187500,0.187500,0.359375,1.985005
23S:139A,G,-,0.093750,0.125000,0.257813,0.140625,0.382813,1.957956
23S:140,G,-,0.140625,0.070313,0.078125,0.242188,0.468750,1.947778
23S:141,A,-,0.242188,0.054688,0.070313,0.156250,0.476563,1.936496
23S:142,A,A,0.250000,0.234375,0.203125,0.132813,0.179688,1.975326
23S:142A,C,-,0.031250,0.031250,0.070313,0.039063,0.828125,1.997068
23S:143,G,-,0.023438,0.039063,0.070313,0.062500,0.804688,1.995970
23S:143A,C,-,0.023438,0.148438,0.085938,0.046875,0.695313,1.974697
23S:144,C,-,0.070313,0.203125,0.101563,0.039063,0.585938,1.958042
23S:145,G,-,0.085938,0.039063,0.093750,0.109375,0.671875,1.991821
23S:146,G,-,0.156250,0.007813,0.265625,0.000000,0.570313,1.860121
23S:147,U,-,0.007813,0.046875,0.156250,0.242188,0.546875,1.901686
23S:148,C,-,0.031250,0.281250,0.117188,0.265625,0.304688,1.864031
23S:149,A,A,0.468750,0.007813,0.140625,0.078125,0.304688,1.671605
23S:150,C,U,0.093750,0.257813,0.078125,0.523438,0.046875,1.647100
23S:151,C,C,0.054688,0.414063,0.242188,0.281250,0.007813,1.773077
23S:152,G,C,0.195313,0.406250,0.148438,0.234375,0.015625,1.897675
23S:153,C,C,0.171875,0.320313,0.203125,0.242188,0.062500,1.965317
23S:154,G,U,0.187500,0.242188,0.140625,0.367188,0.062500,1.920033
23S:154A,C,A,0.296875,0.164063,0.289063,0.164063,0.085938,1.951438
23S:155,U,A,0.257813,0.171875,0.187500,0.242188,0.140625,1.984969
23S:156,U,A,0.468750,0.078125,0.015625,0.046875,0.390625,1.664643
23S:157,U,U,0.007813,0.093750,0.015625,0.476563,0.406250,1.628888
23S:158,U,G,0.109375,0.148438,0.398438,0.093750,0.250000,1.843719
23S:171,G,U,0.046875,0.117188,0.195313,0.492188,0.148438,1.691262
23S:172,C,C,0.265625,0.304688,0.085938,0.242188,0.101563,1.907598
23S:173,G,A,0.398438,0.101563,0.281250,0.156250,0.062500,1.846001
23S:174,C,-,0.093750,0.031250,0.125000,0.117188,0.632813,1.983587
23S:175,G,G,0.187500,0.093750,0.484375,0.187500,0.046875,1.771358
23S:176,G,G,0.242188,0.062500,0.476563,0.195313,0.023438,1.736242
23S:177,G,G,0.359375,0.148438,0.398438,0.078125,0.015625,1.768669
23S:178,G,G,0.398438,0.000000,0.453125,0.140625,0.007813,1.463855
23S:179,G,G,0.195313,0.359375,0.437500,0.000000,0.007813,1.531473
23S:180,G,G,0.109375,0.132813,0.640625,0.117188,0.000000,1.510059
23S:181,A,A,0.773438,0.023438,0.070313,0.132813,0.000000,1.069708
23S:182,A,A,0.945313,0.000000,0.000000,0.000000,0.054688,0.311938
23S:183,C,C,0.000000,0.976563,0.007813,0.015625,0.000000,0.181851
23S:184,C,C,0.000000,0.632813,0.312500,0.054688,0.000000,1.171434
23S:185,U,C,0.046875,0.726563,0.125000,0.101563,0.000000,1.251896
23S:186,G,G,0.148438,0.195313,0.617188,0.039063,0.000000,1.481130
23S:187,G,G,0.007813,0.382813,0.585938,0.023438,0.000000,1.163773
23S:188,G,G,0.039063,0.273438,0.390625,0.296875,0.000000,1.744152
23S:189,G,G,0.015625,0.007813,0.968750,0.007813,0.000000,0.247497
23S:190,A,A,0.976563,0.000000,0.023438,0.000000,0.000000,0.160329
23S:191,A,A,0.984375,0.000000,0.015625,0.000000,0.000000,0.116115
23S:192,C,C,0.031250,0.609375,0.101563,0.257813,0.000000,1.430999
23S:193,U,U,0.007813,0.007813,0.085938,0.898438,0.000000,0.552460
23S:194,G,G,0.000000,0.000000,0.804688,0.195313,0.000000,0.712453
23S:195,A,A,1.000000,0.000000,0.000000,0.000000,0.000000,0.000000
23S:196,A,A,1.000000,0.000000,0.000000,0.000000,0.000000,0.000000
23S:197,A,A,0.755906,0.015748,0.228346,0.000000,0.000000,0.915982
23S:198,C,C,0.000000,0.984375,0.000000,0.015625,0.000000,0.116115
23S:199,A,A,0.992188,0.000000,0.007813,0.000000,0.000000,0.065914
23S:200,U,U,0.000000,0.000000,0.000000,1.000000,0.000000,0.000000
23S:201,C,C,0.195313,0.804688,0.000000,0.000000,0.000000,0.712453
23S:202,U,U,0.000000,0.015625,0.000000,0.984375,0.000000,0.116115
23S:203,C,U,0.289063,0.312500,0.023438,0.375000,0.000000,1.699531
23S:204,A,A,0.992188,0.000000,0.000000,0.007813,0.000000,0.065914
23S:205,G,G,0.078125,0.031250,0.851563,0.039063,0.000000,0.823742
23S:206,U,U,0.000000,0.000000,0.000000,1.000000,0.000000,0.000000
23S:207,A,A,0.921875,0.046875,0.007813,0.023438,0.000000,0.496746
23S:208,C,C,0.265625,0.421875,0.304688,0.007813,0.000000,1.610404
23S:209,C,C,0.015625,0.585938,0.390625,0.007813,0.000000,1.130045
23S:210,C,C,0.039063,0.578125,0.187500,0.195313,0.000000,1.552776
23S:211,A,G,0.101563,0.117188,0.726563,0.054688,0.000000,1.261701
23S:212,G,G,0.039063,0.234375,0.648438,0.078125,0.000000,1.365907
23S:213,A,A,0.976563,0.000000,0.007813,0.007813,0.007813,0.178669
23S:214,G,G,0.007813,0.000000,0.992188,0.000000,0.000000,0.065914
23S:215,G,G,0.000000,0.000000,1.000000,0.000000,0.000000,0.000000
23S:216,A,A,1.000000,0.000000,0.000000,0.000000,0.000000,0.000000
23S:217,G,A,0.867188,0.000000,0.132813,0.000000,0.000000,0.565101
23S:218,A,A,0.765625,0.039063,0.195313,0.000000,0.000000,0.937909
23S:219,G,A,0.914063,0.000000,0.085938,0.000000,0.000000,0.422762
23S:220,G,G,0.000000,0.000000,0.976563,0.023438,0.000000,0.160329
23S:221,A,A,1.000000,0.000000,0.000000,0.000000,0.000000,0.000000
23S:222,A,A,0.906250,0.078125,0.007813,0.000000,0.007813,0.500635
23S:223,A,A,0.976563,0.007813,0.007813,0.000000,0.007813,0.178669
23S:224,G,U,0.132813,0.218750,0.218750,0.414063,0.015625,1.883549
23S:225,A,C,0.070313,0.726563,0.000000,0.187500,0.015625,1.097263
23S:226,G,A,0.921875,0.000000,0.054688,0.007813,0.015625,0.449256
23S:227,A,A,0.953125,0.031250,0.000000,0.000000,0.015625,0.292947
23S:228,A,C,0.328125,0.429688,0.031250,0.179688,0.031250,1.686016
23S:229,A,A,0.351563,0.296875,0.039063,0.085938,0.226563,1.782640
23S:230,U,G,0.039063,0.000000,0.835938,0.109375,0.015625,0.793763
23S:231,C,A,0.414063,0.218750,0.257813,0.101563,0.007813,1.851356
23S:232,G,G,0.195313,0.000000,0.789063,0.015625,0.000000,0.823627
23S:233,A,A,0.804688,0.000000,0.000000,0.195313,0.000000,0.712453
23S:234,C,U,0.007813,0.085938,0.000000,0.906250,0.000000,0.487660
23S:235,U,U,0.039063,0.218750,0.187500,0.554688,0.000000,1.586822
23S:236,C,C,0.007813,0.851563,0.015625,0.125000,0.000000,0.720843
23S:237,C,C,0.000000,0.929688,0.007813,0.062500,0.000000,0.402474
23S:238,C,C,0.000000,0.429688,0.406250,0.164063,0.000000,1.479404
23S:239,U,U,0.046875,0.250000,0.054688,0.648438,0.000000,1.341488
23S:240,G,A,0.351563,0.109375,0.226563,0.312500,0.000000,1.889102
23S:241,A,A,0.804688,0.000000,0.000000,0.000000,0.195313,0.833144
23S:242,G,G,0.000000,0.000000,1.000000,0.000000,0.000000,0.000000
23S:243,U,U,0.000000,0.000000,0.000000,1.000000,0.000000,0.000000
23S:244,A,A,1.000000,0.000000,0.000000,0.000000,0.000000,0.000000
23S:245,G,G,0.257813,0.000000,0.742188,0.000000,0.000000,0.823427
23S:246,C,C,0.054688,0.515625,0.125000,0.304688,0.000000,1.619436
23S:247,G,G,0.007813,0.031250,0.945313,0.015625,0.000000,0.381387
23S:248,G,G,0.015625,0.000000,0.976563,0.007813,0.000000,0.181851
23S:249,C,C,0.000000,0.984375,0.000000,0.015625,0.000000,0.116115
23S:250,G,G,0.000000,0.000000,1.000000,0.000000,0.000000,0.000000
23S:251,A,A,1.000000,0.000000,0.000000,0.000000,0.000000,0.000000
23S:252,G,G,0.039063,0.125000,0.781250,0.054688,0.000000,1.065260
23S:253,C,C,0.000000,0.773438,0.000000,0.226563,0.000000,0.771971
23S:254,G,G,0.007813,0.000000,0.992188,0.000000,0.000000,0.065914
23S:255,A,A,1.000000,0.000000,0.000000,0.000000,0.000000,0.000000
23S:256,A,A,1.000000,0.000000,0.000000,0.000000,0.000000,0.000000
23S:257,A,A,0.445313,0.437500,0.109375,0.007813,0.000000,1.445394
23S:258,G,G,0.210938,0.242188,0.484375,0.054688,0.007813,1.712154
23S:259,G,G,0.007813,0.382813,0.578125,0.023438,0.007813,1.185718
23S:260,G,G,0.007813,0.000000,0.984375,0.000000,0.007813,0.119961
23S:261,G,G,0.117188,0.046875,0.828125,0.007813,0.000000,0.849432
23S:262,A,-,0.359375,0.000000,0.000000,0.015625,0.625000,1.766292
23S:263,C,A,0.484375,0.140625,0.257813,0.117188,0.000000,1.771194
23S:264,C,C,0.109375,0.312500,0.312500,0.109375,0.156250,1.877437
23S:265,A,A,0.953125,0.000000,0.023438,0.023438,0.000000,0.319846
23S:266,G,G,0.023438,0.023438,0.953125,0.000000,0.000000,0.319846
23S:267,C,C,0.007813,0.664063,0.218750,0.109375,0.000000,1.275725
23S:268,C,C,0.015625,0.765625,0.070313,0.148438,0.000000,1.066551
23S:269,U,C,0.031250,0.796875,0.007813,0.164063,0.000000,0.899796
23S:270,A,A,0.882813,0.000000,0.070313,0.046875,0.000000,0.635005
23S:271,A,A,0.609375,0.039063,0.218750,0.054688,0.078125,1.432162
23S:271A,A,A,0.593750,0.132813,0.054688,0.164063,0.054688,1.550361
23S:271B,C,C,0.148438,0.640625,0.078125,0.125000,0.007813,1.490751
23S:271C,C,C,0.117188,0.601563,0.109375,0.164063,0.007813,1.588027
23S:271D,G,G,0.226563,0.031250,0.492188,0.085938,0.164063,1.644616
23S:271E,U,A,0.578125,0.171875,0.101563,0.132813,0.015625,1.630092
23S:271F,C,A,0.562500,0.078125,0.125000,0.187500,0.046875,1.628077
23S:271G,C,U,0.218750,0.179688,0.171875,0.375000,0.054688,1.928488
23S:271H,G,C,0.156250,0.406250,0.109375,0.093750,0.234375,1.836257
23S:271I,G,U,0.023438,0.164063,0.289063,0.304688,0.218750,1.827156
23S:271J,C,-,0.117188,0.187500,0.218750,0.101563,0.375000,1.972869
23S:271K,U,-,0.164063,0.062500,0.093750,0.187500,0.492188,1.969889
23S:271L,U,-,0.195313,0.070313,0.015625,0.210938,0.507813,1.918027
23S:271M,G,G,0.210938,0.132813,0.343750,0.171875,0.140625,1.930979
23S:271N,U,A,0.523438,0.054688,0.085938,0.250000,0.085938,1.616664
23S:271O,C,U,0.218750,0.179688,0.085938,0.492188,0.023438,1.751966
23S:271P,C,G,0.125000,0.085938,0.398438,0.125000,0.265625,1.840408
23S:271Q,G,G,0.054688,0.031250,0.539063,0.109375,0.265625,1.575745
23S:271R,G,U,0.078125,0.132813,0.164063,0.375000,0.250000,1.865247
23S:271S,G,G,0.054688,0.117188,0.414063,0.156250,0.257813,1.802591
23S:271T,C,U,0.015625,0.132813,0.023438,0.570313,0.257813,1.478186
23S:271U,G,G,0.140625,0.031250,0.335938,0.234375,0.257813,1.842206
23S:271V,G,G,0.125000,0.078125,0.437500,0.093750,0.265625,1.781334
23S:271W,G,-,0.000000,0.000000,0.250000,0.015625,0.734375,1.884355
23S:271X,G,-,0.000000,0.000000,0.257813,0.000000,0.742188,1.872978
23S:271Y,U,-,0.000000,0.000000,0.000000,0.281250,0.718750,1.849987
23S:271Z,C,-,0.031250,0.023438,0.015625,0.218750,0.710938,1.924969
23S:272,G,-,0.007813,0.023438,0.257813,0.000000,0.710938,1.881532
23S:272A,U,U,0.140625,0.101563,0.093750,0.351563,0.312500,1.884921
23S:272B,G,G,0.250000,0.000000,0.445313,0.046875,0.257813,1.627928
23S:272C,G,G,0.156250,0.007813,0.562500,0.023438,0.250000,1.477006
23S:272D,G,G,0.179688,0.085938,0.460938,0.023438,0.250000,1.697090
23S:272E,G,A,0.281250,0.148438,0.257813,0.062500,0.250000,1.904245
23S:272F,C,C,0.046875,0.453125,0.062500,0.187500,0.250000,1.716930
23S:272G,C,C,0.179688,0.289063,0.117188,0.164063,0.250000,1.955962
23S:272H,C,-,0.101563,0.218750,0.234375,0.109375,0.335938,1.956866
23S:272I,U,-,0.039063,0.351563,0.062500,0.156250,0.390625,1.836446
23S:272J,C,-,0.070313,0.093750,0.148438,0.132813,0.554688,1.988858
23S:274,G,-,0.125000,0.070313,0.109375,0.070313,0.625000,1.993329
23S:275,G,-,0.023438,0.054688,0.039063,0.015625,0.867188,1.997414
23S:276,A,-,0.054688,0.015625,0.054688,0.007813,0.867188,1.994570
23S:277,C,-,0.039063,0.039063,0.007813,0.109375,0.804688,1.984485
23S:278,A,-,0.078125,0.023438,0.117188,0.039063,0.742188,1.984887
23S:279,C,-,0.132813,0.062500,0.031250,0.023438,0.750000,1.979316
23S:280,C,-,0.007813,0.132813,0.039063,0.078125,0.742188,1.975097
23S:281,G,-,0.156250,0.062500,0.031250,0.007813,0.742188,1.964822
23S:282,A,-,0.101563,0.039063,0.054688,0.023438,0.781250,1.990360
23S:283,A,-,0.125000,0.085938,0.015625,0.015625,0.757813,1.974715
23S:284,U,-,0.101563,0.148438,0.078125,0.078125,0.593750,1.990749
23S:285,C,U,0.164063,0.132813,0.265625,0.304688,0.132813,1.941702
23S:286,C,-,0.109375,0.179688,0.054688,0.070313,0.585938,1.973932
23S:287,C,-,0.171875,0.171875,0.179688,0.078125,0.398438,1.978249
23S:288,C,G,0.234375,0.164063,0.273438,0.179688,0.148438,1.978182
23S:289,A,G,0.250000,0.218750,0.281250,0.226563,0.023438,1.993272
23S:290,G,G,0.210938,0.156250,0.359375,0.250000,0.023438,1.937586
23S:291,C,G,0.171875,0.179688,0.335938,0.289063,0.023438,1.942760
23S:292,C,U,0.171875,0.218750,0.242188,0.343750,0.023438,1.955846
23S:293,U,U,0.226563,0.070313,0.140625,0.546875,0.015625,1.643699
23S:294,A,A,0.726563,0.031250,0.179688,0.054688,0.007813,1.177615
23S:295,G,G,0.132813,0.054688,0.710938,0.093750,0.007813,1.296328
23S:296,C,C,0.140625,0.507813,0.109375,0.242188,0.000000,1.739097
23S:297,C,C,0.203125,0.437500,0.171875,0.187500,0.000000,1.878360
23S:298,G,G,0.054688,0.078125,0.750000,0.085938,0.031250,1.177618
23S:299,A,A,1.000000,0.000000,0.000000,0.000000,0.000000,0.000000
23S:300,A,A,0.968750,0.000000,0.000000,0.015625,0.015625,0.212304
23S:301,G,G,0.046875,0.296875,0.460938,0.195313,0.000000,1.702317
23S:302,C,U,0.078125,0.164063,0.210938,0.531250,0.015625,1.687605
23S:303,U,G,0.250000,0.187500,0.335938,0.210938,0.015625,1.964510
23S:304,G,U,0.046875,0.304688,0.203125,0.429688,0.015625,1.734905
23S:305,U,C,0.046875,0.671875,0.023438,0.242188,0.015625,1.240170
23S:306,U,U,0.015625,0.015625,0.015625,0.945313,0.007813,0.381483
23S:307,G,G,0.039063,0.000000,0.929688,0.031250,0.000000,0.436774
23S:308,G,G,0.085938,0.015625,0.859375,0.000000,0.039063,0.699618
23S:309,G,A,0.835938,0.000000,0.101563,0.000000,0.062500,0.747379
23S:310,A,A,0.929688,0.000000,0.007813,0.062500,0.000000,0.402474
23S:311,A,A,0.539063,0.250000,0.023438,0.187500,0.000000,1.560296
23S:312,G,G,0.171875,0.000000,0.781250,0.023438,0.023438,0.907449
23S:313,C,G,0.171875,0.218750,0.414063,0.195313,0.000000,1.903206
23S:314,A,C,0.125000,0.312500,0.273438,0.289063,0.000000,1.928502
23S:315,G,C,0.171875,0.359375,0.335938,0.132813,0.000000,1.882753
23S:316,C,C,0.273438,0.359375,0.296875,0.070313,0.000000,1.831568
23S:317,G,G,0.312500,0.007813,0.671875,0.007813,0.000000,1.019251
23S:318,C,C,0.039063,0.812500,0.023438,0.125000,0.000000,0.928045
23S:319,C,C,0.015625,0.851563,0.125000,0.007813,0.000000,0.720843
23S:320,A,A,0.648438,0.000000,0.312500,0.039063,0.000000,1.112383
23S:321,G,U,0.140625,0.093750,0.179688,0.585938,0.000000,1.614988
23S:322,A,A,0.945313,0.000000,0.046875,0.007813,0.000000,0.338342
23S:323,G,G,0.007813,0.109375,0.875000,0.007813,0.000000,0.627135
23S:324,A,A,0.851563,0.062500,0.015625,0.070313,0.000000,0.810458
23S:325,G,G,0.156250,0.062500,0.773438,0.007813,0.000000,1.009806
23S:326,G,G,0.015625,0.015625,0.929688,0.039063,0.000000,0.468024
23S:327,G,G,0.007813,0.000000,0.992188,0.000000,0.000000,0.065914
23S:328,U,U,0.000000,0.000000,0.000000,1.000000,0.000000,0.000000
23S:329,G,G,0.054688,0.000000,0.937500,0.007813,0.000000,0.371263
23S:330,A,A,0.906250,0.031250,0.000000,0.062500,0.000000,0.534955
23S:331,A,U,0.179688,0.250000,0.171875,0.398438,0.000000,1.910601
23S:332,A,A,0.992188,0.000000,0.007813,0.000000,0.000000,0.065914
23S:333,G,G,0.117188,0.023438,0.843750,0.015625,0.000000,0.789952
23S:334,C,C,0.000000,0.609375,0.070313,0.320313,0.000000,1.230857
23S:335,C,C,0.000000,0.992188,0.000000,0.007813,0.000000,0.065914
23S:336,C,C,0.039063,0.914063,0.015625,0.023438,0.007813,0.541955
23S:337,C,C,0.023438,0.757813,0.070313,0.148438,0.000000,1.107919
23S:338,G,G,0.007813,0.000000,0.937500,0.054688,0.000000,0.371263
23S:339,U,U,0.000000,0.000000,0.000000,1.000000,0.000000,0.000000
23S:340,A,A,0.890625,0.070313,0.015625,0.023438,0.000000,0.638799
23S:341,G,G,0.132813,0.210938,0.398438,0.250000,0.007813,1.894605
23S:342,G,G,0.195313,0.148438,0.445313,0.203125,0.007813,1.860947
23S:343,C,C,0.070313,0.539063,0.156250,0.226563,0.007813,1.660905
23S:344,G,G,0.093750,0.085938,0.710938,0.101563,0.007813,1.319094
23S:345,A,A,0.570313,0.101563,0.109375,0.210938,0.007813,1.627245
23S:346,A,A,0.757813,0.109375,0.039063,0.085938,0.007813,1.151060
23S:347,A,A,0.617188,0.101563,0.164063,0.070313,0.046875,1.513550
23S:348,G,G,0.242188,0.187500,0.351563,0.156250,0.062500,1.938675
23S:349,G,C,0.171875,0.335938,0.195313,0.187500,0.109375,1.953574
23S:350,U,C,0.187500,0.257813,0.203125,0.195313,0.156250,1.991488
23S:351,G,A,0.289063,0.164063,0.226563,0.195313,0.125000,1.975762
23S:352,G,G,0.257813,0.156250,0.343750,0.140625,0.101563,1.923260
23S:353,G,A,0.289063,0.234375,0.234375,0.218750,0.023438,1.992014
23S:354,G,U,0.234375,0.218750,0.171875,0.328125,0.046875,1.963882
23S:355,G,G,0.148438,0.179688,0.453125,0.164063,0.054688,1.839939
23S:356,G,G,0.265625,0.132813,0.382813,0.179688,0.039063,1.897291
23S:357,A,-,0.039063,0.250000,0.101563,0.140625,0.468750,1.933006
23S:358,U,-,0.054688,0.156250,0.125000,0.312500,0.351563,1.901161
23S:359,A,-,0.093750,0.171875,0.210938,0.101563,0.421875,1.972526
23S:360,G,G,0.164063,0.250000,0.320313,0.140625,0.125000,1.941761
23S:361,G,U,0.140625,0.171875,0.203125,0.320313,0.164063,1.949409
23S:362,U,A,0.273438,0.156250,0.250000,0.265625,0.054688,1.972423
23S:363,G,G,0.218750,0.164063,0.453125,0.125000,0.039063,1.829505
23S:363A,A,U,0.140625,0.164063,0.250000,0.296875,0.148438,1.953665
23S:363B,G,U,0.203125,0.187500,0.210938,0.257813,0.140625,1.992267
23S:363C,G,G,0.117188,0.132813,0.351563,0.250000,0.148438,1.897315
23S:363D,G,U,0.156250,0.046875,0.289063,0.421875,0.085938,1.751740
23S:363E,U,U,0.281250,0.218750,0.148438,0.351563,0.000000,1.933068
23S:363F,A,C,0.132813,0.359375,0.070313,0.351563,0.085938,1.793393
23S:364,C,C,0.085938,0.632813,0.179688,0.062500,0.039063,1.462614
23S:365,C,C,0.226563,0.546875,0.031250,0.156250,0.039063,1.581362
23S:366,C,U,0.234375,0.273438,0.093750,0.359375,0.039063,1.881536
23S:370,G,G,0.125000,0.000000,0.875000,0.000000,0.000000,0.543564
23S:371,A,A,1.000000,0.000000,0.000000,0.000000,0.000000,0.000000
23S:372,G,G,0.007813,0.000000,0.992188,0.000000,0.000000,0.065914
23S:373,U,U,0.000000,0.000000,0.000000,1.000000,0.000000,0.000000
23S:374,A,A,0.820313,0.171875,0.000000,0.007813,0.000000,0.725756
23S:375,C,G,0.054688,0.304688,0.632813,0.007813,0.000000,1.224140
23S:376,C,G,0.054688,0.445313,0.460938,0.039063,0.000000,1.446783
23S:377,C,G,0.265625,0.031250,0.656250,0.046875,0.000000,1.270014
23S:378,C,C,0.015625,0.601563,0.046875,0.335938,0.000000,1.270455
23S:379,G,G,0.007813,0.070313,0.710938,0.210938,0.000000,1.147495
23S:380,U,G,0.046875,0.117188,0.812500,0.023438,0.000000,0.939736
23S:381,G,G,0.109375,0.179688,0.601563,0.109375,0.000000,1.584450
23S:382,G,U,0.335938,0.039063,0.164063,0.460938,0.000000,1.654269
23S:383,U,C,0.000000,0.562500,0.000000,0.437500,0.000000,0.988699
23S:384,U,-,0.429688,0.054688,0.000000,0.039063,0.476563,1.700358
23S:385,C,C,0.000000,0.507813,0.015625,0.000000,0.476563,1.543316
23S:386,G,G,0.000000,0.000000,0.523438,0.000000,0.476563,1.507023
23S:387,U,G,0.125000,0.007813,0.468750,0.398438,0.000000,1.471038
23S:388,G,G,0.046875,0.000000,0.937500,0.015625,0.000000,0.387995
23S:389,G,A,0.554688,0.015625,0.296875,0.125000,0.007813,1.471706
23S:390,A,A,0.734375,0.015625,0.007813,0.234375,0.007813,0.984676
23S:391,G,A,0.781250,0.007813,0.054688,0.156250,0.000000,0.980659
23S:392,C,U,0.000000,0.101563,0.023438,0.875000,0.000000,0.630591
23S:393,C,C,0.000000,0.593750,0.289063,0.117188,0.000000,1.326597
23S:394,A,C,0.023438,0.718750,0.117188,0.140625,0.000000,1.229808
23S:395,U,C,0.203125,0.359375,0.085938,0.351563,0.000000,1.832169
23S:396,G,G,0.015625,0.015625,0.921875,0.046875,0.000000,0.502643
23S:397,G,U,0.046875,0.343750,0.039063,0.570313,0.000000,1.381316
23S:398,G,G,0.039063,0.414063,0.445313,0.101563,0.000000,1.564298
23S:399,G,U,0.007813,0.156250,0.296875,0.539063,0.000000,1.473844
23S:400,G,G,0.109375,0.031250,0.804688,0.054688,0.000000,0.987000
23S:401,A,A,1.000000,0.000000,0.000000,0.000000,0.000000,0.000000
23S:402,A,A,1.000000,0.000000,0.000000,0.000000,0.000000,0.000000
23S:403,U,U,0.023438,0.132813,0.335938,0.492188,0.015625,1.565330
23S:404,C,C,0.281250,0.390625,0.070313,0.085938,0.171875,1.786504
23S:405,U,U,0.093750,0.210938,0.015625,0.671875,0.007813,1.285374
23S:406,G,G,0.039063,0.039063,0.914063,0.007813,0.000000,0.538657
23S:407,G,G,0.000000,0.132813,0.828125,0.039063,0.000000,0.794874
23S:408,G,G,0.000000,0.156250,0.843750,0.000000,0.000000,0.625262
23S:409,C,G,0.296875,0.039063,0.468750,0.195313,0.000000,1.675463
23S:410,G,G,0.054688,0.015625,0.921875,0.007813,0.000000,0.485911
23S:411,G,G,0.109375,0.023438,0.812500,0.054688,0.000000,0.948789
23S:412,A,A,0.507813,0.296875,0.000000,0.195313,0.000000,1.476785
23S:413,C,C,0.468750,0.523438,0.000000,0.007813,0.000000,1.055926
23S:414,C,C,0.164063,0.671875,0.000000,0.164063,0.000000,1.241124
23S:415,A,A,0.679688,0.218750,0.046875,0.054688,0.000000,1.294506
23S:416,C,U,0.171875,0.343750,0.093750,0.382813,0.007813,1.822712
23S:417,C,C,0.007813,0.914063,0.015625,0.054688,0.007813,0.518231
23S:418,G,C,0.195313,0.460938,0.039063,0.304688,0.000000,1.680370
23S:419,C,U,0.000000,0.242188,0.156250,0.601563,0.000000,1.354991
23S:420,C,C,0.039063,0.820313,0.132813,0.007813,0.000000,0.858654
23S:421,U,C,0.000000,0.609375,0.039063,0.351563,0.000000,1.148403
23S:422,A,A,1.000000,0.000000,0.000000,0.000000,0.000000,0.000000
23S:423,A,A,1.000000,0.000000,0.000000,0.000000,0.000000,0.000000
23S:424,G,G,0.148438,0.070313,0.765625,0.015625,0.000000,1.066551
23S:425,G,G,0.101563,0.210938,0.671875,0.015625,0.000000,1.287918
23S:426,C,C,0.000000,0.976563,0.000000,0.023438,0.000000,0.160329
23S:427,U,U,0.000000,0.000000,0.000000,1.000000,0.000000,0.000000
23S:428,A,A,0.992188,0.000000,0.007813,0.000000,0.000000,0.065914
23S:429,A,A,0.992188,0.007813,0.000000,0.000000,0.000000,0.065914
23S:430,G,A,0.914063,0.000000,0.085938,0.000000,0.000000,0.422762
23S:431,U,U,0.000000,0.062500,0.000000,0.937500,0.000000,0.337290
23S:432,A,A,1.000000,0.000000,0.000000,0.000000,0.000000,0.000000
23S:433,C,C,0.000000,0.859375,0.000000,0.140625,0.000000,0.585873
23S:434,U,U,0.070313,0.062500,0.187500,0.679688,0.000000,1.350746
23S:435,C,C,0.125000,0.515625,0.164063,0.195313,0.000000,1.755742
23S:436,C,C,0.007813,0.554688,0.000000,0.437500,0.000000,1.048094
23S:437,G,G,0.148438,0.273438,0.304688,0.273438,0.000000,1.953976
23S:438,G,A,0.359375,0.320313,0.156250,0.164063,0.000000,1.902963
23S:440,G,G,0.171875,0.140625,0.617188,0.070313,0.000000,1.533639
23S:441,U,A,0.507813,0.109375,0.000000,0.382813,0.000000,1.375956
23S:442,G,G,0.070313,0.007813,0.882813,0.039063,0.000000,0.665475
23S:443,A,A,0.914063,0.000000,0.000000,0.085938,0.000000,0.422762
23S:444,C,C,0.000000,0.960938,0.023438,0.015625,0.000000,0.275905
23S:445,C,C,0.000000,1.000000,0.000000,0.000000,0.000000,0.000000
23S:446,G,G,0.000000,0.000000,0.992188,0.007813,0.000000,0.065914
23S:447,A,A,1.000000,0.000000,0.000000,0.000000,0.000000,0.000000
23S:448,U,U,0.000000,0.000000,0.000000,1.000000,0.000000,0.000000
23S:449,A,A,1.000000,0.000000,0.000000,0.000000,0.000000,0.000000
23S:450,G,G,0.000000,0.000000,1.000000,0.000000,0.000000,0.000000
23S:451,C,C,0.007813,0.585938,0.000000,0.406250,0.000000,1.034498
23S:452,G,G,0.039063,0.046875,0.914063,0.000000,0.000000,0.508187
23S:453,C,A,0.789063,0.101563,0.062500,0.046875,0.000000,1.061759
23S:454,A,A,0.992188,0.000000,0.000000,0.007813,0.000000,0.065914
23S:455,C,C,0.054688,0.632813,0.015625,0.046875,0.250000,1.363548
23S:456,C,C,0.164063,0.500000,0.031250,0.289063,0.015625,1.619264
23S:457,A,A,0.789063,0.000000,0.007813,0.000000,0.203125,0.887983
23S:458,G,G,0.000000,0.000000,1.000000,0.000000,0.000000,0.000000
23S:459,U,U,0.000000,0.000000,0.000000,1.000000,0.000000,0.000000
23S:460,A,A,1.000000,0.000000,0.000000,0.000000,0.000000,0.000000
23S:461,C,C,0.000000,0.835938,0.164063,0.000000,0.000000,0.643940
23S:462,C,C,0.023438,0.859375,0.054688,0.062500,0.000000,0.794094
23S:463,G,G,0.000000,0.000000,1.000000,0.000000,0.000000,0.000000
23S:464,U,U,0.000000,0.085938,0.000000,0.914063,0.000000,0.422762
23S:465,G,G,0.054688,0.000000,0.945313,0.000000,0.000000,0.305985
23S:466,A,A,1.000000,0.000000,0.000000,0.000000,0.000000,0.000000
23S:467,G,G,0.062500,0.054688,0.859375,0.023438,0.000000,0.794094
23S:468,G,G,0.000000,0.156250,0.828125,0.007813,0.007813,0.726664
23S:469,G,G,0.007813,0.000000,0.976563,0.015625,0.000000,0.181851
23S:470,A,A,1.000000,0.000000,0.000000,0.000000,0.000000,0.000000
23S:471,A,A,1.000000,0.000000,0.000000,0.000000,0.000000,0.000000
23S:472,A,A,0.867188,0.078125,0.023438,0.031250,0.000000,0.748794
23S:473,G,G,0.023438,0.000000,0.976563,0.000000,0.000000,0.160329
23S:474,G,G,0.093750,0.265625,0.539063,0.101563,0.000000,1.643850
23S:475,U,U,0.000000,0.140625,0.007813,0.851563,0.000000,0.650072
23S:476,G,G,0.007813,0.000000,0.976563,0.015625,0.000000,0.181851
23S:477,A,A,0.945313,0.039063,0.015625,0.000000,0.000000,0.353187
23S:478,A,A,0.992188,0.000000,0.007813,0.000000,0.000000,0.065914
23S:479,A,A,1.000000,0.000000,0.000000,0.000000,0.000000,0.000000
23S:480,A,A,1.000000,0.000000,0.000000,0.000000,0.000000,0.000000
23S:481,G,G,0.000000,0.000000,1.000000,0.000000,0.000000,0.000000
23S:482,A,A,0.500000,0.281250,0.031250,0.187500,0.000000,1.623778
23S:483,A,A,1.000000,0.000000,0.000000,0.000000,0.000000,0.000000
23S:484,C,C,0.039063,0.953125,0.000000,0.007813,0.000000,0.303441
23S:485,C,C,0.000000,0.789063,0.000000,0.210938,0.000000,0.743271
23S:486,C,C,0.000000,0.789063,0.023438,0.187500,0.000000,0.849427
23S:487,C,C,0.007813,0.734375,0.007813,0.250000,0.000000,0.936474
23S:488,G,G,0.015625,0.015625,0.835938,0.132813,0.000000,0.790439
23S:489,G,A,0.382813,0.101563,0.195313,0.109375,0.210938,1.862714
23S:491,G,G,0.429688,0.031250,0.453125,0.085938,0.000000,1.501629
23S:492,A,A,0.906250,0.015625,0.070313,0.007813,0.000000,0.546444
23S:493,G,G,0.062500,0.007813,0.929688,0.000000,0.000000,0.402474
23S:494,G,G,0.210938,0.023438,0.679688,0.000000,0.085938,1.168528
23S:495,G,G,0.015625,0.000000,0.984375,0.000000,0.000000,0.116115
23S:496,G,G,0.062500,0.039063,0.687500,0.031250,0.179688,1.257881
23S:497,A,A,0.726563,0.000000,0.234375,0.039063,0.000000,1.008140
23S:498,G,G,0.015625,0.000000,0.960938,0.023438,0.000000,0.275905
23S:499,U,U,0.000000,0.015625,0.007813,0.976563,0.000000,0.181851
23S:500,G,G,0.007813,0.023438,0.828125,0.132813,0.007813,0.812472
23S:501,A,A,0.867188,0.132813,0.000000,0.000000,0.000000,0.565101
23S:502,A,A,0.992188,0.007813,0.000000,0.000000,0.000000,0.065914
23S:503,A,A,0.976563,0.007813,0.000000,0.007813,0.007813,0.178669
23S:504,U,U,0.070313,0.062500,0.148438,0.476563,0.242188,1.709497
23S:505,A,A,0.960938,0.000000,0.000000,0.007813,0.031250,0.247497
23S:506,G,G,0.000000,0.000000,1.000000,0.000000,0.000000,0.000000
23S:507,A,A,0.578125,0.015625,0.093750,0.304688,0.007813,1.405159
23S:508,G,A,0.492188,0.046875,0.367188,0.093750,0.000000,1.561222
23S:509,C,C,0.000000,0.960938,0.000000,0.039063,0.000000,0.237977
23S:510,C,C,0.054688,0.742188,0.109375,0.093750,0.000000,1.217888
23S:511,U,U,0.000000,0.000000,0.000000,0.976563,0.023438,0.155478
23S:512,G,G,0.000000,0.000000,1.000000,0.000000,0.000000,0.000000
23S:513,A,A,1.000000,0.000000,0.000000,0.000000,0.000000,0.000000
23S:514,A,A,0.992188,0.007813,0.000000,0.000000,0.000000,0.065914
23S:515,A,A,0.968750,0.015625,0.007813,0.007813,0.000000,0.247497
23S:516,C,C,0.000000,0.804688,0.000000,0.195313,0.000000,0.712453
23S:517,C,C,0.000000,0.867188,0.007813,0.125000,0.000000,0.607967
23S:518,G,G,0.187500,0.007813,0.757813,0.046875,0.000000,1.017653
23S:519,U,U,0.062500,0.117188,0.328125,0.492188,0.000000,1.643365
23S:520,G,G,0.296875,0.078125,0.367188,0.257813,0.000000,1.842412
23S:521,G,U,0.148438,0.195313,0.117188,0.539063,0.000000,1.711730
23S:522,G,G,0.273438,0.015625,0.710938,0.000000,0.000000,0.955201
23S:523,C,C,0.078125,0.523438,0.382813,0.015625,0.000000,1.400250
23S:524,U,C,0.226563,0.335938,0.164063,0.273438,0.000000,1.953325
23S:525,U,U,0.023438,0.023438,0.335938,0.617188,0.000000,1.212204
23S:526,A,A,0.796875,0.007813,0.195313,0.000000,0.000000,0.775908
23S:527,C,C,0.023438,0.593750,0.000000,0.187500,0.195313,1.388461
23S:528,A,A,0.687500,0.054688,0.062500,0.000000,0.195313,1.229149
23S:529,A,A,0.546875,0.054688,0.328125,0.070313,0.000000,1.502282
23S:530,G,A,0.460938,0.054688,0.398438,0.085938,0.000000,1.577540
23S:531,C,C,0.296875,0.507813,0.132813,0.062500,0.000000,1.653422
23S:532,A,A,0.476563,0.148438,0.257813,0.101563,0.015625,1.770039
23S:533,G,G,0.023438,0.156250,0.789063,0.023438,0.007813,0.957501
23S:534,U,U,0.125000,0.078125,0.226563,0.570313,0.000000,1.609704
23S:535,C,C,0.164063,0.367188,0.281250,0.187500,0.000000,1.926088
23S:536,A,G,0.343750,0.062500,0.554688,0.039063,0.000000,1.433932
23S:537,C,G,0.078125,0.109375,0.648438,0.164063,0.000000,1.469616
23S:538,G,A,0.539063,0.000000,0.406250,0.054688,0.000000,1.237793
23S:539,G,G,0.070313,0.085938,0.828125,0.015625,0.000000,0.892636
23S:540,C,C,0.078125,0.757813,0.125000,0.039063,0.000000,1.148278
23S:541,C,C,0.320313,0.414063,0.171875,0.070313,0.023438,1.778750
23S:542,C,C,0.039063,0.390625,0.148438,0.320313,0.101563,1.749874
23S:542A,C,G,0.148438,0.242188,0.304688,0.140625,0.164063,1.946902
23S:542B,G,A,0.382813,0.210938,0.078125,0.187500,0.140625,1.862259
23S:543,C,U,0.039063,0.265625,0.101563,0.398438,0.195313,1.763416
23S:547,A,-,0.203125,0.023438,0.242188,0.046875,0.484375,1.893167
23S:548,A,-,0.406250,0.015625,0.054688,0.039063,0.484375,1.743406
23S:549,G,-,0.078125,0.156250,0.234375,0.054688,0.476563,1.943421
23S:551,G,-,0.125000,0.101563,0.179688,0.070313,0.523438,1.981798
23S:552,G,G,0.140625,0.101563,0.429688,0.328125,0.000000,1.784246
23S:553,G,G,0.023438,0.148438,0.757813,0.070313,0.000000,1.107919
23S:554,U,U,0.023438,0.093750,0.015625,0.867188,0.000000,0.719105
23S:555,U,G,0.007813,0.289063,0.523438,0.179688,0.000000,1.506096
23S:556,G,A,0.648438,0.109375,0.187500,0.054688,0.000000,1.436548
23S:557,U,C,0.031250,0.601563,0.023438,0.343750,0.000000,1.253809
23S:558,G,G,0.203125,0.179688,0.398438,0.218750,0.000000,1.920680
23S:559,G,G,0.031250,0.234375,0.546875,0.187500,0.000000,1.575815
23S:560,C,C,0.023438,0.796875,0.140625,0.039063,0.000000,0.968667
23S:561,G,G,0.179688,0.015625,0.703125,0.101563,0.000000,1.231137
23S:562,U,U,0.000000,0.195313,0.000000,0.804688,0.000000,0.712453
23S:563,G,A,0.414063,0.265625,0.265625,0.054688,0.000000,1.772041
23S:564,C,C,0.007813,0.992188,0.000000,0.000000,0.000000,0.065914
23S:565,C,C,0.000000,0.500000,0.476563,0.023438,0.000000,1.136485
23S:566,U,U,0.000000,0.000000,0.000000,1.000000,0.000000,0.000000
23S:567,A,U,0.039063,0.320313,0.062500,0.578125,0.000000,1.415869
23S:568,U,U,0.000000,0.023438,0.000000,0.976563,0.000000,0.160329
23S:569,U,U,0.023438,0.023438,0.007813,0.945313,0.000000,0.385217
23S:570,G,G,0.000000,0.000000,1.000000,0.000000,0.000000,0.000000
23S:571,A,A,0.593750,0.093750,0.023438,0.289063,0.000000,1.411198
23S:572,A,A,0.992188,0.000000,0.000000,0.007813,0.000000,0.065914
